Instance,FCFS,SJF,SJF-P,RR
0,24.126871575343614,37.836214077540774,33.972861691629994,18.099943494747595
1,25.336337570952423,8.580341827529278,35.286309629328805,29.86940398320885
2,0.0,9.911218925314644,0.0,21.046519281437103
3,4.593573136106694,0.0,52.1334566184439,32.39323589909769
4,8.698160521280228,7.971607735679335,35.449261630734476,14.280513790510575
5,11.156386658869232,29.376588286921184,37.07328674928779,45.0742927850895
6,0.0,19.446760222545155,27.195793726964194,24.483066333843407
7,45.21513945267869,43.247598958832256,27.352058470773407,22.753499054128405
8,0.0,14.529212510698748,29.13526524109996,35.573914390120926
9,0.0,0,0.0,26.032365818023525
10,0,7.728513902293274,36.588235367905774,17.44953794923318
11,13.85427370694148,11.137713245427284,0,35.36659419324174
12,0.0,31.00821480555262,62.14003482819679,21.694165855812322
13,28.4130150639061,13.152538762124935,33.47624924716218,19.41702043931897
14,15.405391196042208,17.83392435391335,40.18093777504566,27.641194182282963
15,0,13.435828371935758,0.0,26.537986452874
16,13.213446233498829,8.137751843011628,0.0,19.08522618073277
17,24.210009307273452,0,28.34637664793219,4.552185792190478
18,0.0,12.379273950836788,30.99958353579867,22.31407192617828
19,37.87318564240342,22.949159546942962,0,30.017783588616155
20,54.55223382934119,40.56603481983836,39.136592240139585,28.560701345333523
21,0.0,19.867494345744575,31.611247935315905,30.083537748950903
22,1.2004842184814046,12.078634243949503,0.0,29.92700744427458
23,0,28.18989108607283,0.0,31.52448376139294
24,44.327498518802045,16.850728574616404,6.314738868538508,26.802306778765043
25,36.09542822808282,24.648134397989402,32.10480020956088,19.902788256658564
26,0.0,8.429921017966924,0.0,26.90208936421634
27,0.0,42.631125081152256,20.101257522889785,19.72012663437519
28,0,12.870724057542308,0.0,25.919543565024398
29,22.401905667572898,24.566671376031337,0.0,40.67624564562534
30,11.280154621665975,15.585460218455886,55.58051666917724,25.640582322530623
31,33.027773350259004,7.941528864768037,20.52772865222177,29.164073660293873
32,32.590919169543554,0,0.0,33.46183743018808
33,5.242876786747457,9.093973464621238,0.0,21.728295086087126
34,5.339980970546137,7.662151192288753,28.408288102395023,39.178314173843106
35,28.922019722709475,39.632213148282226,46.902659076586474,37.64838668312437
36,35.24345828110782,0,56.92082714829169,25.232445640854223
37,0.0,27.629055473814457,44.05738906919912,17.394472894760412
38,0.0,14.33159097557457,31.748225209331256,23.850534389112013
39,0.0,46.0642589354264,33.009459972418654,20.981689721603043
40,0.0,11.862896012078822,42.53535530121862,27.3184199724241
41,19.98844506009032,0,0.0,27.400527336600696
42,4.429172643790619,15.019946957206455,58.71108386832822,20.35562456413367
43,30.57471750052075,15.75194677232528,40.53544199695024,30.047073218624703
44,34.527852794773736,8.304736395747879,0,28.384320978721536
45,0.0,42.62402616888452,22.156032240841643,14.971131012298027
46,0.0,0,28.55163722646333,34.72895584750711
47,46.456343405811104,23.179271933785483,31.9345419794776,23.615609911873715
48,39.051061818660486,0,0.0,24.05702254289259
49,32.33714647696763,24.04656284579976,28.982277524405422,16.887436859206435
50,9.142884154924955,10.75302851624427,0.0,29.109600974417305
51,0,0.0,0.0,29.684057075948783
52,46.855220789232824,13.480060036044677,0.0,28.383830471929596
53,4.63235575781923,28.89335824975154,33.16025890695993,25.85861982721486
54,0.0,0,0.0,13.074696029550962
55,24.34977676303512,18.39709897635987,42.10742050638234,26.177022014696018
56,48.10176841070569,15.699203448626426,36.840481153176086,34.416029626187814
57,38.07044131116609,17.213260584551783,45.10099227361625,19.674686580837342
58,19.41255601562395,14.439714784038117,0.0,19.061424049364085
59,0,15.861911613725626,0,19.982075149337547
60,0.0,36.2990327088382,0.0,19.243876617933662
61,41.45216493428819,23.94058796144058,34.00902780291402,16.94171057073272
62,26.823501639708798,10.716676535021184,38.21902841045011,23.480001477705667
63,29.438054572251723,10.22644350154079,30.294164466625023,23.85492893439016
64,0.0,40.852620867443754,0.0,34.7884984926725
65,0.0,0.0,40.1537408998768,27.78388466146127
66,0.0,51.018701711562734,29.662130957864377,29.445121795420516
67,19.515711785876302,12.175299823693866,0.0,34.025126630852014
68,14.3342249496922,8.153730443590751,40.65961222886897,20.46398169553099
69,0.0,25.28543661744558,73.28147125578974,20.17289821129439
70,30.934975838623927,21.58901516515242,42.35218619518913,36.06357082297205
71,28.777732325124838,15.249046807945774,25.95277752479382,20.253639862362245
72,0.0,18.821979502066732,25.731444303982848,19.46987438693107
73,17.04669023637761,14.146666675057249,0.0,31.71246919189057
74,56.86573851710611,0,28.353657539131184,20.75131789268284
75,15.525848768585607,32.344880733450694,0,24.467464903647297
76,0.0,13.849986150060618,40.93848860710153,30.06886213386697
77,44.97987647512184,0,25.673708023308578,35.500904696726415
78,5.866593588658312,9.885504510909605,0,18.38548273918505
79,0,9.618169771058943,43.2560961145217,19.50815382025024
80,0.0,22.326353086404033,25.641118211288884,27.38444979872822
81,38.94661870664901,23.47470896088197,26.94094449531298,29.031184024681625
82,15.952186391880993,29.789781299147958,35.27033548498883,27.801546097144932
83,32.09947409311093,16.73874621307482,0.0,31.957317048624695
84,0,46.96264037502642,47.82880099199726,17.916994725889168
85,0.0,24.901757136521134,39.17772898676539,26.675999083319823
86,0,14.143991064162456,22.706598583246095,21.90081826554979
87,0,29.11640672547747,0.0,23.800357582691042
88,15.993209861046838,14.880375225097447,27.80720143853189,31.212032034429924
89,19.827983336798493,52.08290720955356,0.0,26.15767978897365
90,0,7.828398215980682,42.309809111061575,16.539690892976086
91,45.54568965829683,44.9898801169734,27.922096159173382,22.57810815684637
92,0.0,7.239456058219847,63.92983676668966,24.180030213230907
93,42.24735286002767,16.275184324858717,0.0,26.064666813228175
94,0.0,12.78438561915549,0.0,15.97583860598749
95,0.0,11.982420288921276,46.29843191742303,24.53469164134153
96,0.0,0,0.0,29.980649685033814
97,0.0,6.331577465684242,0.0,29.939352341377255
98,0.0,17.192743508771457,28.728518377334424,15.804899005583295
99,0.0,8.059902923516333,34.98321778697173,25.503972937024216
100,15.318814720425129,9.373647874261732,0.0,25.884191616426428
101,0.0,21.194875277021776,63.31376793811515,14.064168622584242
102,0,0,54.08849010504506,24.26895291880993
103,18.749575687443077,11.467123286600978,0.0,27.63868981814369
104,7.705426005261553,7.574173160761802,57.85045140930968,14.68900771754331
105,23.839909421049704,19.45442747440483,25.29560033020568,32.14028000773873
106,0.0,16.50488677793351,39.93763186190974,22.214365683084605
107,1.809796503958374,10.259729452412252,27.951613718493043,22.308191335669882
108,0,36.12775696890977,27.00951972858392,26.999354208306688
109,21.47749462071762,0,43.377216615488855,30.403408978290685
110,5.704790391438753,10.33632971608129,30.812554635694656,23.513166738230193
111,0.0,11.913755291683154,0,23.59093141461185
112,0.0,19.944504748135788,0,23.95965133034565
113,0.0,51.35157965371833,22.364282863708226,24.131877322683614
114,38.70018987219309,14.87280231097552,35.638251431386266,26.12563865955732
115,29.096749141557442,0,32.72691847908432,17.3753065468271
116,35.1142893172715,14.284562310750589,0.0,25.911619897229325
117,0.0,38.92850020100813,77.78105914360812,15.694177461043939
118,14.392118603691998,29.519962667328887,0.0,21.709217285728137
119,28.069243701930517,10.320074958673612,50.98439529036976,26.860548752383107
120,0.0,21.936839559798337,35.38041003344829,18.552799565990767
121,15.693362901504674,24.907270671938587,24.096391666586804,28.52930607641368
122,17.126672687011006,22.331886032504645,36.955609627651256,37.12842913312928
123,62.2175448959231,22.84010111522882,52.51790650938709,16.873893719159852
124,0,18.428606588887245,33.99439540633272,23.200384352044967
125,0.0,33.883197852054614,0,24.741244253613903
126,14.14031597516954,0,44.7815101312961,24.02788133020024
127,0.0,24.05783082899454,27.331003818570178,12.730911908288366
128,37.539786784610975,0,0.0,25.93695005919979
129,0.0,28.24732039303348,0.0,20.61824188897674
130,0.0,0,31.70156281028775,29.934966724041697
131,35.9757484949651,7.643158323085508,33.141283739252046,24.661505634610478
132,0.0,31.945014508875207,48.64822949242755,24.83910275407046
133,0.0,17.36664649869053,23.720573144266943,26.70169932674884
134,60.953217246664074,34.2072341812013,0.0,25.824939180929192
135,26.334923497161817,23.06828904461019,0.0,26.718396156913894
136,34.18505191694546,0.0,32.05247077477517,30.377429822119552
137,0.0,32.21938317628972,59.318171091183835,20.15968428602192
138,0.0,5.064064294346388,34.46296453484537,26.8577070750496
139,7.980840023919085,17.982886718389235,28.20511741869339,22.124914666796833
140,26.09081494782063,0,32.28600507009937,25.460580881731623
141,51.73580706542941,8.824468311746413,0,33.201799697167345
142,29.200731562608745,13.374598744938869,49.373897415555184,13.830786969334383
143,43.39237616728005,13.57400285146108,58.93199687600597,37.535673599114745
144,19.326512037763553,28.18701475115339,0,20.40197231173363
145,31.12480000998523,32.93486103226587,24.416205469087995,20.943800968597493
146,0.0,22.68174848675356,50.09895215708996,28.735473990302943
147,0.0,20.20057331164934,43.503629441409885,39.300778452082056
148,39.89903840408366,0,0.0,16.16164910227403
149,0,18.108429276037583,0.0,27.412487634183528
150,0.0,13.521762326013604,58.65880851085937,18.27427698558478
151,0.0,23.259434141886718,0,21.042121855156104
152,0.0,7.1070687960821575,0.0,16.048152495434863
153,0.0,0,0.0,22.87916627193195
154,36.76644446890454,0.0,0.0,31.269946216233606
155,34.366591168319594,0,0.0,24.351541368987824
156,0.0,7.355154853153017,0.0,14.247878817610285
157,23.769918865302095,0,42.12504918170501,32.359683800617894
158,21.723569631882924,26.195940507994337,26.403420880176515,21.217758142293366
159,0,0,24.651145614110273,24.47595490219934
160,40.13234754083764,15.747593689309015,36.05879266369705,28.326194909034136
161,5.966834079371028,12.349532300677886,29.429314545885827,23.75491477104389
162,0.0,12.989440098522152,76.89677158084764,33.300954618050966
163,21.481676993480125,11.540318151907243,23.878230294434907,41.063638883605336
164,0.0,10.074038213721074,28.680135382490896,21.498209632422515
165,0.0,26.77731515314765,0.0,45.50428914737496
166,49.42371666222281,0,47.9351721095059,21.941754087306144
167,0.0,19.187577515029854,34.00206636654034,18.048735709861234
168,0.0,14.755124648445804,35.65568373769948,40.725932842827824
169,0.0,31.248239921757,41.82397302115708,32.468664414686614
170,0.0,6.877105801965106,0,25.20011968399521
171,14.403714182404682,16.486707242226064,21.184044274391862,23.808417165334653
172,0,32.75425968855217,78.88873123682308,22.385793399625648
173,39.90757635732933,10.634804829074426,0.0,18.991925755283233
174,32.022330194325484,20.67640215760253,32.39402084196733,22.873643475195916
175,0.0,20.215223925950976,0.0,41.9737066914207
176,15.818208671292028,0,27.70857310376964,18.483488710217234
177,0.0,12.188595333397338,40.89370140787791,14.984903442596343
178,0.0,8.229621659178031,0.0,27.703862960854593
179,0.0,17.608929296754294,28.932767635514686,29.799991074037152
180,44.36769224157764,14.889104710171019,25.936849433298036,38.78774910823969
181,0.0,51.32985021062692,55.15229408965467,23.639362362936925
182,0.0,6.545148934671722,20.787135739860013,27.449090019190123
183,0.0,26.5046587757846,0,31.30297132375075
184,32.35180586566166,13.918256429363371,0,20.889294329082887
185,0.0,10.054772658477964,30.193868911110314,20.638406860113605
186,6.836830093812936,9.92288542618781,46.24063636423399,29.485038639665976
187,12.955940396167264,25.029236541017724,34.6388984075155,29.81657005547346
188,0.8273539072787615,6.324223150990478,0.0,19.284183763197195
189,0.0,15.548629887659327,0.0,24.590665000267645
190,0.0,7.4762329274597,52.16235531911995,19.065563915981205
191,0.0,17.212657740103737,44.81116796732283,35.56875688461466
192,0.0,11.38171307575578,42.966166331031935,22.646939539618
193,0,0,27.609040699963185,28.62551679347227
194,0.0,27.11543473255334,56.19972285522042,17.76398375345295
195,0.0,10.195091272603705,21.725277600596307,34.02299742442167
196,17.56224687476067,24.022277302263902,39.83702727291789,11.409880963635914
197,29.43326502807305,7.37287053860476,28.07844909600086,15.77001898082256
198,0,7.447895713879234,0,40.14860426649303
199,21.832057664004225,20.671934263059203,0.0,35.071448235112506
200,28.048833913113235,14.733259519638523,54.96204451216637,24.221493475166135
201,0.0,28.639698113774337,53.471766553903585,17.236684865586373
202,0.0,19.25739333879387,30.69494943054932,17.557993131631285
203,4.206793978784871,17.659929402219085,39.58380152146508,27.709639156913138
204,0.0,7.998329557127424,64.5173908541569,33.70897734112635
205,0.0,46.05285811272419,0.0,21.887743377088157
206,17.73112531639689,7.000016555223221,20.694148636771708,12.600429539478277
207,0,50.98332775906794,44.37363772168382,42.16474023571498
208,9.84698058579613,21.843433194574953,0.0,19.977653840063443
209,8.897378040372095,8.965598276847077,61.57504584237313,17.162823174768597
210,0,10.408613455193267,0.0,17.690597595601957
211,35.96432381255935,19.68308085723161,0.0,43.29281829838741
212,0.0,6.639296451668956,0.0,17.37092753884771
213,0.0,32.22763342437104,24.17134229252393,21.60524055995873
214,10.092039692019728,12.603325036946087,0.0,23.046177447929395
215,24.31674281901369,34.8017946104278,42.74315450333518,22.936487293264246
216,0.0,12.038916040726033,0.0,26.03444384419649
217,0.0,13.07869893322327,0.0,7.106057537769086
218,0.0,10.730861987202205,44.30780822494247,22.275107697093016
219,0,15.338556873903515,0.0,34.81652956986602
220,0.0,8.255064470259848,0,17.462474817957556
221,0.0,7.125800710046654,36.301645734510195,18.07395656329763
222,0,20.591600090070052,0.0,26.646669330383812
223,0.0,9.754052273395294,0.0,23.93400781350369
224,0.21715339527659552,0,35.85309102684827,9.040975371174827
225,0.0,42.14880833952176,32.088512661826215,25.995789591712438
226,24.242702910400038,38.983597034516436,0,28.690891062399384
227,35.164308620493536,19.95916668066,27.17741059531032,31.352300634720745
228,0.0,28.103534264625974,43.168144746335855,25.072900914607793
229,9.495565424703335,10.90893981132327,0,28.112369058258608
230,0,19.62200484474278,0.0,26.481951016256215
231,13.787125592632636,23.726278800330356,0.0,28.839639470563124
232,0.0,9.58946270784195,0.0,14.505343403449482
233,0.0,26.906224105019636,32.64533395946964,17.020112623734736
234,0,18.949651070465176,37.107958372453794,16.341562799938092
235,27.711394522261145,14.72991634320964,0.0,36.01081833025897
236,0,8.338636046756477,0.0,24.2705228827373
237,0,21.00582477020357,33.350092656033745,20.702266473543837
238,28.71170182908914,11.715807822378913,52.408002151107844,21.46143131434851
239,31.090820920067753,11.124669965059764,56.68355381535674,32.43273777057541
240,0.0,14.23782269028608,0,25.30793632797221
241,0.0,10.549017367042584,0,25.741250865538284
242,0,44.22868191333139,81.90892691427365,18.45889992867591
243,0.0,15.316571839193497,31.268137532587502,23.731323302259707
244,41.41562028583343,6.467755629420231,26.805512820354526,25.405405892312565
245,43.63526736417457,11.108325916403858,0.0,46.96576231116025
246,0.0,18.23299897614363,0,16.702284447337895
247,0.0,24.30470125556303,58.17346624582145,30.978227274158534
248,29.73770419433894,0,0,21.767551044099225
249,0.0,0,37.72239864313899,26.596283332676073
250,0.0,11.233254688133286,23.965518571007905,32.25605807359268
251,0.0,36.45330867164428,0.0,16.250386416327366
252,0,8.982365789897623,43.808161891479415,19.587082280065
253,19.991661592410317,36.87415923301723,0.0,14.711782866311653
254,0.0,14.949086010907434,0.0,18.478179730162015
255,0.0,29.612428451111295,0.0,28.651970856284315
256,0.0,9.419930101521816,51.94309268420675,23.466982360893635
257,0.0,9.795268875977602,0,33.771307871345236
258,0.0,15.189462786619,28.290544493434336,31.050172631391742
259,0.0,32.589988072978386,50.949090221989366,36.83160394680909
260,40.403214917973024,8.683921476971443,37.609742744640315,36.38226237502201
261,0,17.901508161050238,43.94574760040522,31.77272418952259
262,0.0,0,0.0,38.79011231879135
263,0,10.025237893706153,23.78338972415767,15.01181375928401
264,31.10221332974225,0,0,28.143220721089026
265,0,0,40.34678636258616,18.71203289626768
266,32.87875681026941,0,0.0,24.292258214732616
267,0,10.927257687600344,26.121347519643017,34.286167536519656
268,0.0,39.887286083184904,30.24565045317039,26.481789690393494
269,54.80459365433551,5.319405477635868,22.797121497526867,14.991720798296715
270,0.0,12.34206162317678,0.0,31.51630253918316
271,12.425306780515264,15.961238228640774,26.77611938303311,22.35156250356794
272,0,11.29433733649336,0.0,27.098462905770578
273,0.0,33.36449036001795,0.0,15.36642700665243
274,24.884899950482335,32.2658461942426,38.247229724495625,25.100160511876197
275,29.97620064019884,21.726830031625653,0,22.782630512559454
276,26.07899574638386,0,0.0,24.373319754417356
277,7.241315330849809,24.42752102338419,0,30.951790681898103
278,31.854174001384077,34.82535860323915,0.0,25.899565471735677
279,32.46126018922725,52.89621278457812,19.176095687698492,26.9832792276813
280,0.0,22.523684207035206,51.50100246142114,19.64187031573399
281,0,31.511820303292502,20.486887938463035,13.62324194665064
282,0.0,7.904372499869153,30.809421919521984,25.35351350404286
283,0.0,21.225207999248784,0,15.598394079683455
284,0.0,15.899403950640764,31.45460250833909,19.548737234674253
285,0,18.24471807444021,0.0,13.78824851748494
286,26.77215757154036,20.472888100191636,41.18274026963989,21.73463593324709
287,0,12.552361551010392,53.71713185072517,23.84801542217019
288,0.0,20.808062068536938,42.06399186967216,26.6030912324903
289,0.0,16.234057914929426,0.0,31.758575706259066
290,40.687274458020326,0,42.49300595355009,21.385749356703432
291,0.0,31.12587102122683,0,25.711290047427042
292,0.0,31.023105332139682,0.0,30.708383456491116
293,0.29729305272300405,10.207153256648988,48.02084007939206,27.44486511754738
294,0.0,23.040860922980652,41.654668910061446,25.942441880438203
295,27.06191623334034,6.119434247269155,0.0,27.6313431344156
296,0.0,16.66718338609225,0.0,15.791034288561029
297,0.0,32.83884205717513,0.0,24.103578350967275
298,41.04705217421087,0,37.748272385076184,23.713826403490465
299,0,9.624203811766769,29.918416024445172,15.301700398138365
300,21.758930431653354,0,0,28.282350199841293
301,50.4281823364326,26.611527767625663,45.32439781169444,28.14042460080219
302,21.55362366511598,0,51.36444953808854,23.605679558788996
303,0.0,26.034284463465188,0.0,26.08320660705509
304,0.0,10.468298325108814,0,25.17094417621359
305,0.0,11.311062904345338,43.011965079180335,17.07342619850134
306,34.92372436068071,22.39388567030063,30.26708579245869,20.778152754679134
307,29.51279959013456,22.004983240443536,29.5657185254369,28.502962141548313
308,0.0,36.31918102236772,20.69892556276638,29.62958519348898
309,13.346095935579216,0,30.32892344316866,26.398333562667524
310,0,8.657414473477195,0,24.33832184598126
311,0.0,18.884742387492512,46.95819611202766,24.199488015222208
312,3.9935368918114507,29.99091581485226,19.25098483630731,25.75102123769434
313,29.08250393354636,15.049210727617668,47.96312761073609,14.632954243707115
314,0.0,11.262783489769612,0.0,13.497293482458634
315,0.0,24.03324895224061,0.0,33.908840175609555
316,0.0,13.699492887497271,0,35.20104465522381
317,0.0,11.638867193982115,44.13812106855453,22.525407676326434
318,0.0,12.308470667707773,39.180893023618566,24.183134219232105
319,0.0,23.926647206929758,20.00994730500686,20.18971718062639
320,0.0,38.232874039237785,0,27.19496570999657
321,11.121755313506156,0.0,24.197398070194602,29.924904658388584
322,0.0,15.139075345578055,0.0,31.087236307182295
323,0.0,20.112183965643837,32.82674240047762,27.231635904092798
324,58.38809588204331,21.864999891207603,24.697768643404395,5.168560007671895
325,0.0,14.649303366368892,0.0,19.605963452962968
326,18.9574760444035,19.33658393651765,21.445350631781555,30.37310922232227
327,29.224557761665103,36.65125955039934,38.87477994829345,25.235384090446836
328,0.0,21.374498012050324,36.34595686084067,13.980542615842786
329,0.0,0,73.07337181080487,24.444951503339386
330,10.279070798447137,19.58723725435763,0.0,35.568945883370404
331,0,4.4526859769444505,36.362803823803894,20.98796283353928
332,0.0,47.648232454265866,31.814535279823257,22.886086993749508
333,26.05495923555204,6.951039337166785,0,17.635370852261577
334,0.0,0,0.0,22.612847956280568
335,16.673261720731325,15.740149767668477,22.603191766748797,24.38743224422051
336,7.783269558573728,25.67567207491107,40.93375271031589,26.793792447693217
337,0.0,21.55588843796926,43.502752730635116,27.3573234474658
338,0.0,7.281899872793661,37.92131326540276,30.45938319483818
339,48.16621417894553,16.52614208466953,51.35349638013794,27.09893986315572
340,0.0,21.051023701672044,0.0,27.714019416758045
341,28.528932043564655,44.96165289527074,0.0,15.033416599489096
342,0,18.33205991619302,0,31.271206017884634
343,0.0,21.33165171038682,0.0,28.34564259790123
344,0.0,25.27397107221904,0.0,16.973574619956256
345,0.0,13.559507994674343,57.2708351975777,31.370984340545782
346,48.26749328058111,35.436014144017975,66.81181140928331,18.464034839786052
347,42.00976888162946,13.878870797570258,39.17778113949568,29.700133101085235
348,0.0,9.45047786008417,36.04232321519064,24.15239888133709
349,29.539010114268695,14.585279771860803,0.0,32.10128984593977
350,0.0,32.01374469331345,32.60054339528599,14.99548403052446
351,26.121183845254155,39.665554251998984,0,22.209868293720206
352,0.0,0,0.0,30.954891321353283
353,0.0,0,29.317922522219437,17.900280914351345
354,44.72826417462404,16.948349196822495,0.0,22.973858494469642
355,0.0,40.42295275778075,41.22386470810599,20.9933324867419
356,0.0,13.658662573261433,22.500950307936332,9.533997368261566
357,45.22562540060696,53.46099392255839,38.81572569111183,19.16559926619765
358,29.39014291329552,0,0,22.23644334707213
359,0.0,23.976200706852175,0.0,32.7466940412548
360,0.0,25.331119791937276,24.06396486357879,22.28762266631
361,0,14.771173281468606,0,21.184038261893516
362,0.0,29.59297318797394,0.0,17.078762913012795
363,0,26.876014672272905,0.0,31.927250475733914
364,0.0,29.718771806304513,0.0,29.953743536254073
365,0.0,34.83300541936997,52.605200008542944,19.967338714019448
366,0.0,24.160768118360988,31.09566833679877,27.488386398700204
367,0,16.993120517650283,62.52654802144843,29.7652002952962
368,27.518498297511062,6.584275857730403,41.64143864727739,19.41253319235539
369,8.020307346549334,25.29670140667868,0.0,24.069852893889475
370,0,0,42.78042827290422,34.51673724240108
371,0.0,24.386544736270523,0,24.98431283229676
372,23.23639525749763,10.141529193367342,0.0,27.38177379150029
373,36.172177034674334,22.35107348200792,32.610526973670325,27.105708100188362
374,0.0,17.438676214904206,30.047703294066924,12.833691147020163
375,0.0,23.220209866574294,72.52582976069303,22.606026888207765
376,0.0,33.46289411198802,0.0,12.751090430797296
377,19.46455364097205,23.733351983390275,21.184070853796353,34.996844552467145
378,0.0,37.14983571764118,19.867730908820484,40.08620607701084
379,0.0,19.690657650530607,47.15876059789723,19.88597153962959
380,0.0,21.99889676744391,31.42064029766043,27.61166713364082
381,7.281309107629237,27.817857194850603,0.0,26.827438953142106
382,0.0,28.845913945609038,0,22.147687739710094
383,0.0,22.81953709059219,0.0,16.986787148510604
384,31.14340445288722,47.94825528553771,42.16899806992247,31.36509735331594
385,0.0,10.66492032919037,39.784247277585116,0
386,25.090326973477577,32.146396872606005,35.61141266169039,14.16321030370461
387,22.283909480370095,52.70977082486579,26.583483249260254,20.43091468279196
388,0.0,18.612261786904487,33.037486063537514,21.658493127419998
389,0.0,15.108110619950864,37.63994130281072,20.622786814275976
390,0.0,16.765646893944893,0.0,27.341644534560885
391,0.0,15.439709216302305,0.0,20.14013599344092
392,0.0,41.33499721437144,0.0,25.35419243448682
393,58.91612644417258,11.224615370874641,44.111801784946685,9.48511552976727
394,0.0,11.29785766960988,26.96138969447969,19.473139365981535
395,29.398638220535577,13.386566180591434,50.50182374359111,6.382243770259988
396,32.59013764748298,8.008956732805393,38.34379083142871,27.09081303121758
397,25.514828420088282,10.250778754246888,0,22.69737184713869
398,0.0,7.75314124018947,55.2024895929029,18.03990897970972
399,28.697254676887738,27.250328414860267,0,20.51557494905011
400,0,7.626770159302881,38.41693860053016,16.705126520068415
401,31.204292803509503,15.74242849189456,46.01934986936317,21.175683455231606
402,18.27844063707791,10.303981590356953,0,29.505856196282227
403,0,41.245363950570045,33.72706572541649,32.971482215275735
404,0,30.632203663302505,24.3026035178021,25.233857381194934
405,21.94221671105678,21.637625935821656,32.20299736505525,25.003232483881135
406,0.0,7.29406761375003,32.2886663005795,21.25422413819884
407,5.46871698841889,26.78508277106805,0.0,24.831633739969114
408,0.0,7.758593708271955,0.0,27.507316977147095
409,43.44805780949462,16.29931225958328,0.0,20.468112280738612
410,0.0,10.077764331018072,0.0,27.694743003548943
411,0.0,9.25683993662705,28.017773051004088,26.402853677451386
412,0.0,32.04949918795265,0.0,22.91540839528518
413,0.0,8.02865287833534,22.77426390502879,28.12191682544618
414,0.0,23.820601832653203,49.309221546301906,22.493404215132394
415,42.59015850042027,31.1675796124019,36.389623196904026,19.745546529932756
416,0.0,11.177231621483093,32.5948852144333,24.116017367555116
417,15.019961707278053,15.54520314389257,38.96274894781892,19.70840325161331
418,0.0,41.07461463836743,40.879414011395575,18.63971294244887
419,0.0,0.0,0.0,20.850539754960362
420,0.0,58.10465407613742,0.0,32.3125752414891
421,0.0,12.64187600380496,35.01664174589082,22.858626878874944
422,0.0,29.069766389276424,46.69662185481026,20.250976490827302
423,40.78198135030959,0,0.0,22.17749619783277
424,0.0,8.431415141798198,33.14594528483231,13.595675521608038
425,0.0,23.335951701227195,0,16.33986151457379
426,23.034865804383315,28.324544553539518,0.0,31.357605993228105
427,0,26.234242700704097,42.159646870903075,28.04093964343614
428,14.602903557266375,48.78465240798866,0.0,14.977226467118392
429,0.0,9.754941258479725,43.444609680595484,19.880397523641076
430,0.0,23.33770502518349,0.0,28.875645725309006
431,0.0,0,0.0,32.435035841361795
432,0.0,27.301043307357745,46.75079795846493,10.120839815213943
433,0.0,25.83782877376572,53.16119188225182,24.611605838384545
434,14.39607686383262,0,31.773374780333402,20.95181476206885
435,23.76587976493876,15.219807640433062,36.43338260074443,12.339038625636121
436,0.0,0.0,21.627794134645868,23.862944557184374
437,0.0,0,0.0,11.312127592988327
438,25.19319418021398,0.0,44.228490406040734,18.59279273401081
439,0.29293051135332016,25.764707650189926,42.159561876681806,22.93595444684933
440,0,6.2179832643721324,35.34416582128012,19.542257647334594
441,0.0,18.130651435131693,48.552711666590326,26.56681282752669
442,0.0,29.141860493103696,37.83512488546845,14.19275604495277
443,34.692819966060576,21.922643144250895,0.0,21.84228431958652
444,0.0,12.337637129142044,63.60416787073094,37.83634231396132
445,0.0,25.654667164074258,0,17.60271472464572
446,3.1106111678993065,22.48638188809247,29.872126260485025,36.126409993118784
447,0.0,32.53243761694527,45.556608841936935,17.142438875088782
448,0.0,48.51262536258039,19.17041878778613,30.0319877955867
449,4.281547334949149,11.143945622136759,59.39628978805419,19.03577789505693
450,0.0,15.759176885471131,0,25.175521340568046
451,0.0,0,45.034109255178,20.072382784722016
452,0.0,14.506323183848059,0.0,21.609824307568772
453,0.0,0,0.0,28.02601052760422
454,0.0,0,44.85331132643852,47.593440489515366
455,0.0,39.681758187442526,0,22.621830608156273
456,0.0,7.118717980932586,0.0,24.96100986468601
457,3.839403701470326,10.282520216420268,71.8557795239227,19.986600295720123
458,0,29.58774780547615,24.725894881185802,27.214808222055343
459,24.036265866180464,18.84131895809997,0.0,26.27286637579983
460,0.0,12.872988884958165,0.0,15.195178555881949
461,0.0,22.533764959858438,34.54325804208421,21.372948889386194
462,37.42985785549494,14.964780720850968,40.10106834776666,25.399390389445145
463,0.0,10.389858453376373,48.4906968380802,24.862165247252864
464,15.35106469562765,33.6929242927156,45.15662253685054,43.9578719476152
465,45.58910697853548,20.961569310918925,25.15435111927812,23.426344617586587
466,0.0,50.27563185708027,36.02515504015079,0.0
467,21.292587352780682,12.044377638555952,0.0,24.503691238639092
468,0,0.5510414366962286,0,31.048314179394616
469,32.5852458884215,20.558367056748335,30.86996806087478,28.500276956588454
470,0,14.585977282909356,30.803979594315603,32.72516576416708
471,35.46373314444389,23.05824762491304,40.835772926583196,24.07153861908648
472,13.395470851268868,42.250284496376295,35.81334324171573,38.46549746674204
473,41.99788895669628,0,44.44017575521415,22.292922320147213
474,38.17373421270209,12.886836917449903,35.8942175205425,17.31767453858033
475,42.140074194345964,9.469470785470078,32.43385450590609,16.684338841024154
476,0.0,0,0.0,17.462218278871
477,0.0,16.81705428147196,48.83188610856285,48.66446108510929
478,0.0,0,28.312650426501712,14.256047510127347
479,42.19675350396749,28.716390714904158,0.0,22.758707725075322
480,24.683858124994533,0,26.760246479539763,27.064257440280002
481,0,28.82540326755795,46.18046539063845,26.196547380319
482,0,0,22.514394129358756,38.15649893079039
483,19.344531365374273,22.76650690722843,27.555017417782594,23.389379830755257
484,0.0,20.097328916012092,29.078350678779927,18.942679389008603
485,0.0,40.94031471623976,0,25.90394709396654
486,7.1878099578662535,37.391309274110185,0.0,31.947054795956998
487,0,9.15391168082959,43.57380023009696,22.11996917035135
488,3.4618451370418,35.57808463712176,0.0,28.495670969143866
489,0,13.549271375059373,0.0,5.299038724874199
490,24.472956095022546,14.439115507429474,46.454722672944754,21.106756078021213
491,30.045771921633502,8.472089775285918,0.0,25.313623531033077
492,0.0,21.90707926229683,23.478779983145433,20.817734778607896
493,17.82543489342026,0,42.06904773814194,20.849540268624644
494,32.86656251116713,40.16519696753871,32.03918349669949,24.149834549740223
495,0.0,41.83244079909833,0.0,24.54842845733479
496,0.0,42.990051789302434,26.302709393685813,25.036628024205594
497,53.9457243316876,18.545341017697396,36.416788517871154,20.289147531548085
498,0.0,24.212632418944292,25.060274554311977,14.544191698290367
499,25.512681521027293,0,20.855419044826196,41.18319849011841
500,12.493124796516982,12.734881077787374,44.36373525802935,29.697927668428076
501,23.73563061029302,22.495959480523013,24.04966101747199,21.29006973763447
502,26.488990523572518,40.50831040645522,50.97634961586437,26.32158879447688
503,17.200998853544736,9.894669272504274,0,28.626988227239295
504,14.264506813492366,0,46.17918255838502,22.373942995958046
505,0.0,10.899354187397787,0,16.288253185957593
506,18.13575039899405,0.0,0.0,17.817245247523793
507,0.0,24.669570133988177,0,22.790300053499458
508,0.0,0,33.62012456410374,33.289096917020366
509,21.134203904305778,17.664929061365957,0.0,26.60952079256746
510,48.111970992789885,11.416488348436872,51.58669253885048,31.42195756813632
511,42.76170750990464,14.24104910520664,36.76413178665092,24.05765268320814
512,48.9467479085548,9.04607485714531,0,22.572102572194115
513,10.375928945530513,26.43680919985173,29.633215776257234,21.50121810763188
514,0.0,35.285225409034275,12.552000184549089,21.60801923055512
515,24.804586920144743,39.89536911133639,0.0,26.118835727206083
516,0.0,18.33704163025364,28.46723511338337,29.410410426053385
517,0,12.92999700269708,0.0,34.37795017976563
518,0,8.788065008494069,0.0,30.25546134779526
519,0,9.662773073406644,38.80094566765644,24.083210294078597
520,21.446502320124353,0,69.0344786414851,22.97676333270974
521,0.0,0,68.33090610920524,28.701535630974764
522,47.21257221420229,35.442192068380166,43.53496203379753,8.261956068460591
523,0.0,22.745480607300024,51.44491717932774,25.867268809339663
524,0.0,0,48.425077188226894,16.274048309764307
525,16.673022269846477,39.32974581904232,0.0,30.081362854107667
526,0.0,18.305736959683745,0,27.14585781337677
527,14.382313314934661,16.513794810598696,0.0,19.630344476917625
528,12.059661453111897,29.386706314647768,0.0,29.960165266039844
529,0.0,6.936668367271735,29.885722344527174,22.291580329888863
530,35.04482228827377,8.67265455801224,0.0,19.029327962691973
531,0.0,15.568488338676756,0,21.61769946671282
532,0.0,9.670123949020171,44.72314580631345,24.586685006278582
533,30.601728592803546,22.286943970060385,0.0,17.24691869002174
534,16.277908672789973,17.987509818496303,30.323652873758018,15.606817322621858
535,0.0,10.64917065126871,33.000334097480284,4.086143252403779
536,0,27.997820977057785,25.54542834724668,21.380811662335148
537,0,11.714832033114938,41.308475104578854,20.65641829837981
538,8.316539092756933,10.91781246674107,37.34123850153218,20.40825358571668
539,0.0,11.93063887645875,38.70909779198695,16.87049030938873
540,0.0,22.206687428905227,42.056358409727316,25.977914810441167
541,39.260662129255294,10.039045598121875,0.0,36.32357418414335
542,0.0,40.534019585505945,21.506943469194255,23.888429649787778
543,53.31634806878178,0,31.534761813831967,21.027098226678607
544,0.0,19.921673760858816,0,22.75455050905784
545,0,33.18367866733145,0.0,24.960888903115027
546,0.0,23.175464915379237,58.02534022515831,17.057041655426296
547,19.095639956312905,18.54056783225262,0,34.517184585756105
548,0,16.70329084144838,0,26.648931863816195
549,32.598494851542654,18.875534289271954,0.0,17.725520765810526
550,0.0,12.244813450378363,58.1043951811723,20.110661453464342
551,8.415545087353395,34.02805293832012,34.80053034854865,24.40727871811254
552,0.0,0,43.49189427605521,39.01547142053717
553,48.67789010561336,23.06567011925974,0.0,25.408113548130686
554,0,51.192500952515964,27.591244992857995,23.790366320548333
555,0.0,31.016570382861573,19.988554962625184,15.093776374447046
556,0.0,0,0,25.713189515033225
557,38.36478161239385,10.269446923541329,43.4421567334988,24.786529739240937
558,0.0,61.921723174187896,0.0,18.452107468546615
559,0,10.444130874142028,46.85967132453417,18.896696905536658
560,0.0,13.002843689384813,0.0,27.849944448063184
561,32.42186427216669,11.157189441875236,0,23.638795629584134
562,18.36831262671701,16.147384997120465,31.70920522929032,27.010842226841827
563,13.847894995996414,32.6461671002743,49.15123527669672,34.5099158086016
564,0.0,26.42241974423003,21.263840465651402,30.099104520301974
565,9.560007367958503,10.413809718269027,0.0,28.343565279174342
566,0,40.6187742965828,25.619332191563313,26.988441903275486
567,23.28414978844189,13.413537651211541,22.575579091634157,18.908050373147933
568,14.55190082733192,8.331724450671281,29.475449985772702,22.34353057970036
569,0.0,12.59703923466534,28.619152665085405,18.072897568707436
570,10.312670912481698,35.18087427526556,0,39.4140613482128
571,0.0,11.135407585315592,42.59894206271566,15.915307583291893
572,7.272439228249976,37.48167924008372,0.0,18.11793838312303
573,0.0,27.05926605511228,0,43.19432365881738
574,0.0,7.720865103377383,38.53017820479664,31.333765089244395
575,18.679122902355257,0,31.182255120017743,24.101253315191848
576,0.0,16.727397932437963,38.421355814459076,26.46316550774647
577,0.0,0,34.469422814805554,13.65965827792782
578,47.813798457774986,12.895793300360967,45.350853627124664,28.72932277872166
579,0.0,22.147862201740267,43.70348729404753,31.23183907476777
580,0,16.110863639497467,0.0,28.831203292864906
581,0,10.669057769473564,28.378439653556473,25.470806572485866
582,9.231243761138215,24.30423639210864,0,40.433896595719624
583,0.0,26.780135687830253,24.060713133271317,23.6629331021906
584,0,32.608718106889775,47.35456705520261,35.27308720455522
585,5.363608111048993,28.105966153633926,0,23.646069693616294
586,0.0,20.45462864147249,0.0,21.181824197079727
587,0.0,6.894425785174977,0,35.43377337788893
588,21.644682302378808,6.5951388673566385,34.653340225485,16.516548321001924
589,0,12.686581773241304,59.01693590067588,18.228430505523498
590,0.0,26.0410509733228,35.87651829404597,23.75055516858068
591,0.0,15.719020907075183,25.29057691289117,22.841566378874404
592,0.0,22.755627387526683,0,25.003047044769993
593,4.980442949997423,15.52031961977622,31.400119503006586,4.871277687499374
594,0,10.171672000109147,0,20.610133885670187
595,0,0,28.175106837236502,29.59110866313153
596,0.0,18.778425813198158,31.795441378471196,23.80594406180744
597,0,32.38496066396701,44.58065634007674,18.96823131850828
598,0.0,24.849548367729867,23.13932900398783,29.554873557096535
599,21.0069332028423,7.128089689626325,0.0,21.359145009356553
600,34.18732710554565,15.635217485127137,32.78046249730965,11.411710516109348
601,0.0,0.0,39.402121543497955,35.48715807609075
602,0.0,18.556899274602777,44.565468724602994,10.842742017877233
603,0,29.409322554690636,0.0,22.719116266201162
604,19.065673451317785,21.01326873085396,0.0,15.715227344135776
605,0,11.659946184445667,0.0,21.296798812869365
606,0.0,33.05585870047535,26.282561372866265,21.178912080354312
607,0.0,17.774689119099133,0.0,28.99540417676218
608,19.77032095678359,21.297198625225956,34.695061730583454,25.787590273864804
609,19.614903573005122,8.007066924797863,49.196856528637404,18.520371026263327
610,26.028338816929292,11.37512594504363,0.0,23.16924549204222
611,0.0,9.02878082498661,0.0,31.9077328076404
612,0.0,9.122703666968581,23.393485575773205,23.55275285267747
613,0.0,7.654306908551909,28.51774897647687,26.182306348255953
614,0.0,40.40676352909495,0,20.40837208371986
615,0.0,32.28136952827147,0,20.8555935796676
616,0.0,0,34.68561439781483,20.108309456172098
617,44.94332324510505,40.866542551208795,44.111644378835194,30.3851530486924
618,0.0,32.046482102711224,31.44615847579609,23.833747784152823
619,10.227120247944518,0,0.0,20.660595523749173
620,18.326823547561364,0,0.0,28.349977190043724
621,0.0,14.993766035558785,29.684198830019955,21.847754908615354
622,14.50048222513261,9.796488282984086,0.0,25.402633300639117
623,0.0,13.749336887250175,37.9678586791233,25.297654953708587
624,0,6.896650061082155,30.922496300233473,15.074666130905968
625,0.0,23.094305554081984,48.972968451018986,25.57126935338513
626,0.0,33.5523705019263,28.020102974284704,44.31947746681109
627,27.157762145690082,32.65829025749321,0.0,24.579009020330687
628,9.877263335595151,29.95489195574231,65.61859781739892,21.99897858912608
629,0.0,10.512090468588,23.771858079296617,38.82004088483425
630,38.328228597342395,26.60292768880993,31.51452193681902,27.25244977251813
631,2.224841773147269,0,26.696510167924597,21.433840289150112
632,0.0,28.521751146256847,0,28.10996362869637
633,0.0,7.910403112207273,23.40482922354016,40.58879967136662
634,0.0,0,0,23.081193291966258
635,17.70594987285393,25.656295740817175,0.0,37.32019028574968
636,0.0,25.937118070521684,0,27.650263717307457
637,24.15096039868406,14.385168413750966,33.07858894763884,38.40873505344142
638,0.0,10.787691024293968,0,27.936140461761987
639,0.0,19.052748925866574,28.710201048023837,24.795716442118536
640,0.0,26.06475585605914,0.0,34.86491056312968
641,14.004719255146341,7.053410363938604,0,16.515887222621004
642,8.099432526426542,13.781953829812425,56.83953164210576,24.81928707637594
643,5.058749123940508,12.665812888293344,49.255127517209615,29.41042440331707
644,0.0,20.09429768723619,0.0,24.753400085205207
645,31.908385465536927,21.21260565454785,33.37312157684469,5.478476302497208
646,0.0,16.31136816725064,23.1945064408635,33.69465466579105
647,17.492098640661933,16.155411978942986,0.0,24.392207907174704
648,0,18.033229100310617,41.85479085182856,27.231294317252807
649,0.0,0,39.05268492375284,14.911036312524121
650,22.114199578311517,29.101412056750178,27.838334830834214,20.157355120129267
651,18.17152274778972,0,45.57070114683412,19.72944653460176
652,6.157339707827004,12.510434712710559,26.519032429807616,13.959276050724151
653,0,8.507038198169871,0.0,27.581681997203514
654,25.65036042687308,14.570885434740429,30.02795919088463,27.99803803755608
655,0.0,30.77137456270099,24.34306641498533,14.964092400932767
656,0,22.453111515091496,0,22.574233227479194
657,0.0,6.723227506311947,0.0,27.68523039214665
658,14.007530651534086,7.456957208724531,41.009289828036614,27.018100660462142
659,0.0,0.0,39.94158451578593,32.221370511141345
660,44.85518151469903,35.06497092064977,0,21.7202947222918
661,0.0,18.22831542130359,48.305919410663,22.55065006003854
662,0,34.596080730991105,0.0,26.27152701092624
663,43.18671800454444,17.776306103314752,30.29976067249665,29.818981493301244
664,0.0,40.885250401713044,0.0,4.80349358556236
665,0,15.880600449198763,32.160877899756095,13.65664692524383
666,18.851665810394792,44.836851570781356,0.0,17.08271596606959
667,0,12.99970619449518,23.81627919101948,20.404977979847267
668,0.0,8.68963928181545,25.456241791899686,5.7195887742100435
669,0.0,35.204146393506555,47.231258499588115,21.048949702672207
670,0.0,9.805172539768892,38.4719538025605,10.386057513722616
671,51.3555019076671,25.522429820117292,21.144623411063527,24.911234676450775
672,0,0,0.0,22.265634113170897
673,43.37226092961418,0,0,15.690745610205541
674,53.8277711939825,17.675272919593013,0,31.584216455837872
675,29.923106030734274,0,36.68999725623139,28.008724814128545
676,0.0,8.549577817983593,0.0,26.75727332279076
677,42.01150483663521,17.605606221157785,0.0,12.923504410611352
678,20.43690944388628,18.135643150586393,40.82959419478733,18.38920413457874
679,0,37.881890878466656,27.085308725522985,23.186519744793358
680,0.0,50.66030479964248,21.664201888426664,33.902576900624204
681,0.0,9.302892429401144,44.45460089188702,19.565819645958022
682,7.6507150519444975,17.408101303092824,0.0,8.226483675146898
683,0.0,10.744433002222655,0.0,16.781617338983438
684,0,9.609002450932078,26.351026727744443,20.463184898031347
685,26.77873778552047,28.01829937402363,36.461854008899394,26.35825790135337
686,5.586835335795402,6.938232675840957,0.0,27.101515582304785
687,39.59854521640297,17.27958650219645,33.49518185899319,16.40683997208379
688,0.0,8.672858838955362,47.626383232681306,21.24741608580411
689,35.452768081611644,15.182504330702736,0,26.109028966132318
690,11.072576958821251,27.304812221632687,47.8736023435403,22.408203912542568
691,24.478852334513928,26.855844193966494,28.308157259797433,27.37720097154236
692,0.0,44.884960471877726,27.855959260050927,29.32953287626145
693,20.78599256783553,6.685289113802286,0.0,19.748743336726058
694,0.0,22.95623642188072,58.71348868159042,14.582257898918076
695,18.164144569715603,0,0.0,0
696,0.0,13.732597204324334,19.326808673653233,35.42849135946688
697,23.331062661848097,19.03396753609336,0,33.37782449120943
698,26.985708038983883,35.92805904473407,41.247380283048074,23.683529966379695
699,0.0,16.28910064330693,0,31.698373749927953
700,0.0,19.940109205400397,0.0,35.44548403736842
701,18.983574878792865,10.76060672649845,41.614457176222196,15.063991727026606
702,0.0,17.87845997299183,0.0,19.130728137300174
703,0.0,8.991055407268359,0.0,17.647883490468683
704,0.0,7.41250394654606,35.54691730436554,35.68074327208548
705,7.931088255310699,15.053401758981785,41.26615093848062,20.607682331791747
706,0.0,8.860345039758307,0.0,23.111503178089595
707,9.398527014967417,22.637089892625703,26.043230422152867,30.819879204119417
708,47.26857288940894,7.707419444081341,54.11053735544764,13.505149117283281
709,32.564282070693956,0,71.88304920103494,21.652267809248222
710,12.37812006819024,0,39.376593486222006,10.412659687305359
711,37.07977871843287,15.670947629152188,0.0,25.172823817837568
712,0.0,0,0.0,12.179882871153861
713,0.0,17.388803005320508,44.66047378185924,22.140023665768013
714,8.08935356149991,25.210865507578706,42.020973115437755,34.14728503396274
715,0.0,33.95737382685735,0,29.352900100857056
716,25.853663306614326,0,0.0,19.732348987632157
717,23.446399853938235,11.40164915808512,29.864259349183545,22.11641457299511
718,43.76807936865572,37.05255751912253,28.433958578238485,21.010817576121067
719,0.0,13.187579331316032,42.34908160589524,28.68373053113823
720,0.0,8.839461411535687,58.714481190590234,27.99020185386061
721,0.0,25.05110662197457,27.49208926323489,25.532407038811268
722,30.380555709681406,21.906250054738408,0,25.955268713878088
723,6.272480181008375,15.67864885461714,34.68057860612496,23.49459643670148
724,14.421136431230266,0.0,0.0,18.35731643886345
725,45.18144886740415,10.284030506506639,41.36297532928126,35.83810319324028
726,0.0,41.9336423443829,0.0,28.467217418582717
727,0,36.15285609806522,42.84510946132982,20.15080797136228
728,0.0,22.738086956878085,52.28265789296443,37.10044127093011
729,0.0,19.966408084054535,27.467694352746104,19.692491544562785
730,30.89048883559335,40.482057063988556,32.55265000981166,16.83196861360803
731,0.0,19.3435778400653,30.925363643145214,32.98379927730526
732,0,0,32.88143872805126,21.05064157949239
733,0.0,10.25373030453336,0.0,12.074610792342956
734,0,10.082762434640044,0.0,36.19681687156682
735,0.0,5.07628063927389,35.50275227348294,21.270365364334843
736,15.11153657833199,0,0.0,32.46372569457687
737,6.039398401547677,0.0,0.0,28.771885878393416
738,13.448824524971142,11.53185266332981,52.207289782890996,24.33616324645429
739,0.0,18.763422095919665,46.246497733244475,24.52703841952925
740,0.0,7.455431297904555,67.75380902766864,23.938012676682295
741,0.0,0,0.0,31.308190122255745
742,0.0,45.21633527068553,31.888544626595905,25.12083178991322
743,0.0,18.785870023407668,42.8388170098376,22.678842577809878
744,0.0,18.450781874902283,50.19408734332768,26.417106346353584
745,0,7.182361288471178,27.245173910767473,27.44820880776025
746,0.0,0,25.02757111269013,21.43105855258696
747,0,0,37.457820709476344,23.02983688800792
748,0,0,43.28697998640017,19.789846815338272
749,28.982433534367942,37.006059087144784,47.58249042644435,26.385748282194612
750,16.556691600870376,31.36179413791482,0.0,27.401341319562786
751,0.0,13.96439942824444,39.13992314482972,22.122653927533793
752,0.0,27.089727019026714,41.10761629743266,26.16004716589776
753,19.015417939434393,22.733417620716768,25.568252874536945,21.844879929669073
754,0.0,12.862117426822474,0.0,31.051669572071003
755,0.0,21.56471043057236,24.947551058658156,20.6644770384963
756,0.0,12.242415160670427,0.0,29.78666508714328
757,0,19.806103707963832,0,16.51980190631425
758,4.969947805954601,17.18700913388317,27.36746903061393,23.780829296228035
759,0.0,21.731166639097967,32.66275836837165,23.630620392013626
760,6.067989378934137,12.864057882845273,32.76128704121958,18.250022056653872
761,0.0,18.465134726403978,29.26616525982347,17.447277955230255
762,28.755648767792188,28.036710813913775,0,29.86115678820918
763,0.0,9.429219288027907,32.74742537379167,28.93138601674654
764,0.0,21.525432805418326,0.0,13.766846468328348
765,0.0,22.543354544025078,0.0,29.78662204318196
766,0.0,0,0,22.217828643882427
767,0.0,27.853285088246587,67.69616164259075,17.145457660713753
768,0.0,8.63671997505437,0,29.248212437126732
769,0,46.31104637932945,0,13.02801286572894
770,0.0,33.73944343120405,41.84349634324211,27.745106438765326
771,58.58993846208953,20.413211903760256,28.5915546365457,24.28931298923911
772,0,12.96477148647133,0.0,24.6917769868861
773,0.0,38.355582156241184,35.787762195410025,17.71825348877914
774,13.456039925417372,0.0,19.422700480413614,25.59374427406223
775,0.0,23.726757504848308,0.0,32.858191736001544
776,5.212619146586103,10.463661796524795,0.0,12.891953178814434
777,0.0,0,25.28079379787404,20.623559547913523
778,0.0,46.69311556110738,0,24.766773745380256
779,0.0,47.09364057525993,54.483772969582745,15.668273161349589
780,41.77010809304974,15.940286874762021,48.05799487654188,32.50882608817521
781,0.0,0.0,38.61508032269122,49.036912412486174
782,0.0,10.571874127124495,47.77484299236299,23.28336343129806
783,0,19.720481257915935,36.739143340130695,18.7717442424349
784,15.11100553000361,20.293321931786807,0,32.653636474884095
785,0.0,28.002343814824748,38.59049930858312,21.04262248895531
786,11.895795602164517,21.772634517205006,35.96507372507086,30.04592898921423
787,0.0,10.296810915505255,41.489346826703446,17.579030784090367
788,12.281870175909196,11.41547230527735,43.84415733982531,24.761997427237702
789,0.0,11.400620584489408,0,24.450161912809442
790,0.0,19.65064364151185,0.0,15.422700911706333
791,49.598687523101454,21.413666806486578,21.868407472609764,30.03950977900092
792,0.0,33.321809557400705,0.0,33.168414621933
793,10.738676753714428,0,41.321089414541504,12.881753381910002
794,31.106039483381398,0,31.087052222477542,32.21178579896965
795,0.0,41.40530762628043,34.466807872249845,18.857057439017673
796,0,17.250940410628502,41.6950139839287,20.570704130438276
797,0.0,28.72124507085991,0.0,28.121688780392365
798,30.256302774277042,37.54579006461667,0.0,25.243401347842166
799,14.893142220886451,38.92827109405422,0.0,26.77377904941506
800,0.0,7.060818719602948,37.78554617619361,27.981656458677644
801,10.350214759143363,26.129944030015384,43.31852889617647,29.198039597740983
802,0,31.80831063958348,34.14305175971156,22.417410258123528
803,19.68512612529432,12.698616508372382,28.518401504224506,24.543748643631396
804,0.0,17.326092827252467,0.0,26.99343310538526
805,0.0,26.49256049263494,0.0,20.66179248078469
806,21.794820496085396,37.29994215208387,0.0,12.859239710993538
807,34.546019895232455,31.092401401244036,49.07088953264213,26.80634261481187
808,0.0,18.825758804316337,22.87259843611282,16.609636846827534
809,15.681889023898853,11.124916688037127,0.0,25.35826429776503
810,0.0,37.20023145710905,0.0,25.97667507695977
811,19.986226412471204,21.692700130903386,20.757860576503646,18.519510441253356
812,0.0,20.29269292474468,32.35516464221838,32.785530818418586
813,0.0,5.331875402783648,0,26.61219672974429
814,33.798099405472904,45.544154837174794,14.799738119489344,14.328539876913274
815,17.277167420472963,9.157727064056635,0.0,27.552811881508728
816,35.64009198539564,30.780409939509845,0,23.08023858703114
817,26.38052787363034,8.574740711178132,28.958554743959525,19.176952852733674
818,0,10.451654204481832,54.3843316354581,20.416186745367806
819,0.0,10.830592263221128,0,12.947358175410283
820,20.37666575199339,31.032930563911048,25.324097910471398,19.431210998370137
821,0.0,23.725463562484247,36.454972107616996,9.694563555222324
822,10.715465685419243,19.439175405395808,40.02624967761345,28.63005782454071
823,0.0,32.22946419763851,0.0,25.263300881400585
824,17.904325479283028,33.40628338765731,31.646840596566776,33.36418382351882
825,20.384756647921424,43.88106699884411,27.158295229565436,17.526317256912787
826,35.842691608345866,20.74003318279155,40.05897205416873,22.18329260466062
827,0.0,8.412760334749866,19.50787007922584,18.92301978708736
828,37.86100171503373,17.388802174427678,39.10110161245348,16.714310087249586
829,0.0,28.860077812804068,51.758528700083325,21.578050848250648
830,26.108421665880186,20.446045602035323,37.28649097446511,18.300488462397695
831,0.0,18.275343707346792,27.615935092369853,18.40237177457349
832,0.0,45.43861194506426,0.0,26.259526577184033
833,0.0,35.94050442261502,48.40059189327296,23.361117394761603
834,0.0,20.941673165179836,0.0,28.58061342367098
835,0.0,11.87579320296819,0,32.69952715237616
836,0.0,12.328590639719517,0.0,29.43591667451113
837,28.667267350471423,31.309396969217705,38.986876573239954,25.20309849868317
838,0.0,17.004370469351702,43.92942280815741,16.188881610801396
839,0.0,25.256173175538358,64.66685484691791,11.057938020845963
840,3.86260793098566,16.005350423534185,0.0,29.345647330161754
841,0.0,0,42.74346079898575,24.025474344467142
842,0.0,14.867524428768789,35.78154533559389,24.416731644831838
843,37.39724173857719,7.880248262186646,36.16169336896023,15.343278457455714
844,0,0,54.001199713341215,34.311085889141815
845,43.31685689448582,26.786078570483202,29.238011331041857,37.312735144509524
846,0.0,34.08885164458889,36.63105368617327,20.80485174279998
847,0.0,32.06678598119686,0,27.689392344695584
848,0.0,36.34828728389661,32.66246288533037,29.734318406180144
849,3.216625040096894,6.704725897238833,48.230924488131265,22.76637640047115
850,0.0,19.84900812223104,22.879923916482834,30.31739485831501
851,0.0,15.54855650470183,49.9565570539406,23.621696388580887
852,0,33.952117428775225,61.70093048969613,25.775779712814288
853,0,33.663551937669574,30.089846454167077,23.687131331493145
854,22.886663139506467,28.413908639904605,0.0,25.797958061866495
855,0.0,8.736640381047408,0.0,20.445187744806926
856,0.0,0,59.91803290169007,17.33273892378906
857,34.954629065963196,40.0287387616389,32.2678538528841,21.166091520325914
858,0.0,14.867732683831715,0.0,0
859,53.81813287501729,0,0.0,29.79021547374335
860,1.2629914298339588,0,56.36947546430874,11.866370671369591
861,0.0,12.975593304036959,41.04160391564861,26.816093824395534
862,4.844664417648709,38.66101436010553,28.038909472889774,37.77511395458376
863,19.445955945588185,10.719014955154352,0,24.213781788018764
864,0.0,12.983180374177055,0.0,17.306898324640013
865,41.295373229599164,10.16332722286704,27.24817377524251,29.325151655596912
866,0.0,9.954496798632007,0.0,14.521746049886517
867,0,8.503002820933531,0,16.350296478966197
868,0.0,16.79958334869917,40.75246256385221,15.785721928376962
869,19.97686134382792,0,58.57975311959528,34.77429342134317
870,0.0,35.102373624206564,21.74243611860886,21.12360744995698
871,0.0,14.437323634046578,44.262132671507906,20.92513473977837
872,0.0,14.763688884783633,43.3598147959592,11.9188262205983
873,40.8487348087419,13.764699854193298,32.5701845848475,12.780655793091773
874,0,5.525468841260919,0.0,32.03163480498629
875,43.10092347234132,33.48533412354341,21.58519521588723,19.17888955449227
876,30.9556220759304,26.040730050198054,40.71746968102843,11.089377906395764
877,8.620844629277585,7.316899000989635,0.0,17.560226974392602
878,0.0,0,46.48462197145386,34.91618048172104
879,21.014225223502606,22.90725074891624,40.08583047064152,17.67092498182823
880,0.0,28.486257737412014,0.0,19.608131007338145
881,0.0,15.743123571736593,0.0,31.18770967425444
882,0.0,0.0,36.00055950063673,26.348428328336105
883,0.0,16.993916474586108,29.500200317208165,16.502734575685842
884,19.421538458532073,14.150012125443956,59.96660549030763,27.88470257507651
885,0.0,12.222419489888857,30.6024172147151,19.807460962034643
886,0.0,29.994587291971083,0.0,32.270462522078255
887,0.18826707838151296,0,0.0,20.7700575166535
888,0.0,19.44913501674684,40.161264420734966,18.248881045480637
889,0.0,14.606946663660665,52.09613474155681,28.63657443276766
890,0.0,28.500931620161957,0.0,28.367712518005902
891,32.56554156718123,31.102409388535147,21.680617682325973,22.872603908990694
892,0.0,34.30807649930606,66.48881390789613,22.13232429506109
893,0.0,37.86686639609736,35.318534242186225,16.943959810405094
894,26.968011384216467,26.606856492805644,0.0,9.478567710502869
895,0.0,10.967022349738116,32.697831560413604,12.418437964553092
896,0.0,27.04351026623803,0.0,31.236685681731643
897,1.0860537236669414,35.23494489200519,0.0,23.24749647567774
898,0.0,15.343740445854325,21.449672234535633,29.268320629999263
899,0.0,41.25650177341245,47.697793610728105,26.481836286514056
900,0.0,20.559289910179135,29.754911328721402,9.062810103823711
901,15.5902349421164,8.825497232688418,35.911706900587234,17.892466975561657
902,39.56088528560549,23.965864752315056,33.54650496696115,17.446310458067575
903,0,18.14183645536772,0.0,28.672446014915888
904,32.36883890767712,9.13164477864281,42.657894675977055,23.635614597055863
905,25.332014974782894,0,44.745516116457594,10.309592457051256
906,0.0,0,57.03450025019246,17.196469825025552
907,20.630878214267852,11.788235438676926,44.08873606614006,18.980249559422163
908,0.0,27.10907440439328,0.0,38.44453488934783
909,13.677711906926072,7.423028154844666,26.490930440572253,14.274051753953263
910,0.0,15.771008897165265,41.56233710573017,17.291568673713336
911,0.0,8.850536255831916,0,26.578500847102635
912,0,11.466407198213057,0.0,19.51651536866896
913,16.282237448815266,22.867923637850975,33.91793590369293,25.762528282436957
914,0.0,31.67523230902659,29.77977950630307,12.566634854400387
915,0.0,10.434805950307895,48.37629925486797,23.138164338092107
916,9.848331730107782,14.182216436253812,38.02338640225376,22.547988205955914
917,40.51173896206813,29.135619538968466,22.352389727445235,21.3147725431897
918,6.975963476961323,15.579330360967163,0.0,40.05101370646002
919,0.0,31.689209340081018,49.73315696957813,6.238004590512448
920,0.0,10.160704981463653,30.285727158951538,30.70412664686428
921,0,9.328215693612915,24.157793524658544,14.421823891959743
922,0.0,35.09566932420496,40.45477711420172,15.945222256165984
923,0.0,12.552895817544105,44.12087536124606,29.533122186455493
924,0,27.17831774180467,27.115095187409853,36.75858534329516
925,37.308699634952916,19.396727628468078,47.30883782205518,33.384405114787214
926,0.0,13.992274878737074,43.91915192262364,35.51361496366572
927,0.0,0,29.376801760018292,16.73407607795831
928,22.462610939456933,13.3367263916898,53.0111846009253,25.049738674501043
929,20.666223771524457,0,38.75921543800882,28.86214317007364
930,0.0,9.654536427017147,0.0,23.75792117695305
931,0.0,14.351067980313783,32.95539326017366,26.073844724660916
932,8.32194498662183,15.291963165126433,60.91565367608538,21.012281015220008
933,0.0,31.812409562034237,0.0,22.81849988675276
934,0.0,12.398069099765756,34.933686471218024,27.708338981728257
935,17.559621302422318,13.408626471869555,37.41287739560162,28.704670173728857
936,0.0,20.678906236047183,61.6127983728998,36.53700589954758
937,0,11.096886639157837,44.65088611205072,17.908418639410865
938,70.95043249777873,13.169354055181866,0.0,15.803077801651673
939,0.0,23.106573867274253,52.58058498496907,16.97067280624242
940,0.0,34.32609724850798,38.497615648080405,24.07198357762592
941,39.218857327229934,19.79571399186881,0,14.426872900066337
942,1.1160852532942402,7.703049207965289,0.0,30.56842364215607
943,0.0,26.60974658603451,0.0,28.63953768257284
944,0,0.0,38.87853256081205,31.037120768290226
945,0,0,25.897057411941827,19.50559330885302
946,0.0,28.42891509554707,39.30638206019519,28.908997179852207
947,0.0,10.382497498913759,21.540866844518888,33.37122256354128
948,0.0,16.919727329040317,34.52603348709463,22.913240561247143
949,38.73746209325606,16.01121523410116,0.0,26.087728576059074
950,0.0,20.765774836579947,0.0,23.65345693443851
951,0,27.89301224542343,0.0,35.457771492283406
952,0.0,10.976693684239786,48.42499278085464,27.604381555734935
953,0.0,12.283756240822953,39.901656928015115,27.912173397601872
954,32.359539155420656,20.336164572336997,24.838824965818997,7.619081851042941
955,43.499323945089586,0,0.0,24.574365455598013
956,12.777934671004662,23.03668317232174,0.0,33.947789237300796
957,17.47764308906599,16.21954799107742,0,12.104190065298203
958,13.499665769716172,38.45617890316067,47.51646152927752,18.16953586025613
959,0.0,17.254399313130254,39.5974538012364,12.070177151760186
960,10.952884360528284,36.323976087357835,21.72223671563945,13.137146724736837
961,0.0,20.47864808322169,0,21.127413769950817
962,31.868603631328952,16.408017139040176,31.6858086066846,27.293549329284403
963,0.0,21.23271422764516,51.03772987864273,11.32378768295899
964,0.0,12.93225827408874,66.47810065843693,32.77608401444901
965,8.26952556340564,8.774820639081083,33.73236803896525,18.056078741108372
966,0.0,7.453484249916429,16.97299379454807,14.599279443290381
967,24.62886503643364,6.91889544283647,33.00273857657143,15.96010402106641
968,11.050449275695563,7.66961723046911,51.437875147859174,25.07262892617609
969,0,9.292625522049487,60.092626098915,21.82375658883076
970,0.0,26.052488730943455,42.4383218512487,19.04741641209531
971,13.532996753034425,25.543158246921703,41.21514700871364,28.25166601126072
972,16.064175133127687,29.185610961969672,30.000034115589155,31.726579215076274
973,25.458458656577648,6.2859021546956635,57.41401879141712,15.603467789455387
974,0.0,7.951813014531907,31.838315340936774,21.271251336024147
975,0,9.050516302080595,0.0,7.960970635096021
976,26.070874917622614,17.09707415560389,44.26117200860241,24.90811266631197
977,0.0,9.891810174862913,35.777292865934164,30.492354020363997
978,27.92525764128755,10.210075603278112,0.0,18.647020652135655
979,0.0,12.347976204266525,28.96652507191292,48.866148853003985
980,0.0,8.910412380198766,0.0,9.00298022621613
981,0.0,15.37956653948516,50.54892984387628,21.262949883750967
982,22.56926725374785,12.52322647953128,47.48718025937315,28.81493246096885
983,0.0,32.931177365098726,31.20045170109796,16.78102721144089
984,21.51771408368729,15.717401864175754,24.07724662502424,26.452547405814407
985,0.0,15.68663620139822,0.0,17.190711349614052
986,0.0,11.31249818611942,25.350711920375453,35.84132205199939
987,0.0,15.514521283647214,0.0,13.416303348428029
988,5.775322919142408,32.742551156720005,34.284649369676,24.848392664873852
989,0,26.43367880924727,0,29.274567133883494
990,34.53041335016114,38.108745081873494,45.894409824237265,20.80096446077917
991,0.0,31.838609790243094,42.27523381116416,45.76119642450395
992,32.05690055502902,9.084187846686074,55.82712659890356,29.118682153361895
993,0,25.62470191577102,39.077256906147134,28.739694136701004
994,39.994725973940874,23.81342685218868,0.0,21.194728634114092
995,0.0,9.111823861484519,0,25.459824249115602
996,30.41645884629815,35.70928177264158,32.73360272982151,14.420150424243738
997,0.0,34.997518738747395,0.0,23.698421189731363
998,17.586308522399833,8.988194967538076,34.58764347245875,19.610503942032828
999,49.24789304004547,9.354683184199871,42.315659896898545,25.07756149641846
1000,12.563594607717345,0,0,19.2971936765501
1001,0.0,13.899533339920854,0,25.43700352344807
1002,35.15232069836228,18.577357719462444,28.1266664183483,26.032661890491493
1003,21.157333463030618,19.883423943849607,0.0,15.93512273648651
1004,2.446883859114999,0,28.053771770643095,19.041910587663747
1005,26.658797453591735,33.24886073286902,56.77863045435532,19.068939574431987
1006,0.0,24.57800030337275,31.666809561022436,26.767481336722355
1007,0.0,16.10711983314821,31.558290473412445,15.269110692699456
1008,0.0,8.092104202590976,58.17417233339025,38.88406872435117
1009,30.914860767458475,10.307580125194612,35.19545521379778,25.28578541809901
1010,34.87394822143728,34.02401914831422,34.83124839032786,30.23157500488294
1011,17.511977052957114,29.24373975475893,0,25.035547203737796
1012,0.0,0,28.98607514120302,24.3607639815844
1013,0,46.04542326793903,54.41443454334906,24.565415088304142
1014,6.912576534728015,7.824071979175948,24.754581820689847,23.14041044102488
1015,24.876494478465368,0.0,0,7.839656347823129
1016,25.288386660862116,16.905071518417568,50.04764337810914,33.15340621270913
1017,0.0,23.489215711386702,76.97343380269422,33.07120471815515
1018,14.425987785903583,0,67.64597365863118,24.732087563597325
1019,30.9699950153743,17.32874996390763,44.75576136895232,29.550996203179288
1020,0.0,36.141456687398104,0.0,35.66188986887046
1021,0.0,25.024010666142424,0.0,19.786665616733412
1022,0.0,8.029084580032766,64.1139789306323,18.548276772914058
1023,0.0,8.248310178175927,0,41.11908242629844
1024,0.0,33.05044781752967,0.0,16.653181809739557
1025,0.0,9.289419909355349,53.718559816012544,22.066895047579735
1026,20.315507472099615,41.14213399876437,32.79066627979485,11.6546139886888
1027,0.0,21.410017621998083,31.43798070136865,7.7282522678736285
1028,0.0,14.082981437259047,33.84191989952731,28.413812722523062
1029,0.0,7.006935493324583,23.7577896007958,36.698227407862184
1030,3.5658718186398195,23.058264950695822,44.07298707129193,38.95728569066535
1031,0.0,0,23.222364256710165,42.52641415423024
1032,0.0,43.5677564488781,35.554788509314434,35.57120177671876
1033,0.0,16.686425322005235,25.52645266405428,24.435917401864394
1034,7.668421008801742,25.29771768999704,41.63839392958073,16.268159773469602
1035,0,0,0.0,32.55264502824208
1036,0.0,0,0,23.740549890596828
1037,4.466102797091472,26.48108263803868,67.75037427144022,22.82953498650084
1038,0.0,15.748628995140935,32.464260904422325,28.74859218232242
1039,0.0,0,0.0,26.68158050135979
1040,0.0,12.643846162463706,40.57739014256593,17.84225249506616
1041,0.0,19.08878706554844,43.280974084029424,26.06840838840797
1042,0.0,44.14910237504848,32.968715843773325,17.57106412278264
1043,19.03510243381998,0,46.20461225632036,8.522006089098047
1044,0.0,7.244019360730552,0,18.576311741262266
1045,3.9684374023911726,10.252194713329063,41.58044864738231,20.387089232394224
1046,0.0,36.32977983398272,0.0,15.144438846775065
1047,0.0,26.33353001070186,27.065013536812174,21.705572130938474
1048,22.508491828238434,16.047789316653255,59.74592295384796,23.6420701225618
1049,0.0,10.105116915269724,0,1.43318606458274
1050,0.0,17.23579555119877,63.521224242279644,16.31712654432917
1051,0.0,27.538911942214682,0.0,29.037662429333352
1052,0.0,41.24145959319484,0.0,25.371359325456048
1053,54.80789558705798,21.51433843522815,51.17926345302954,27.14923788843695
1054,0.0,0,42.39298724914959,14.978344688515326
1055,13.060551520258613,0,0.0,31.41328096270754
1056,0.0,35.36413804812811,67.17254125562854,27.25163330958705
1057,63.2375409774245,8.039037648977082,31.872940615807885,26.231134160471036
1058,20.478259446348197,20.492056631512295,0,25.169242784901904
1059,46.558246019116325,39.94061696197655,27.111480067942708,16.28977377517923
1060,0.0,35.071713386320276,32.92915558440701,26.255030563983063
1061,0,28.415078837685485,37.23739032795287,29.253254405098403
1062,7.444842453386461,14.148096809402357,31.191805103840952,33.15048568154507
1063,36.10645008184886,6.897377542149335,48.685206803116586,28.218278474637962
1064,0.0,48.99807296370449,0,21.739493657688975
1065,7.373902053765604,16.11528641424214,0.0,22.131971884943074
1066,16.75660961599725,12.463455074164926,44.4959473290443,23.700545760483138
1067,40.86417360487138,11.761930818013939,38.75919188086626,18.807120996396375
1068,1.5358057032447912,10.221236158998906,32.52225460523652,35.49520381424078
1069,50.75547804404014,1.3190203999746766,24.03295155628245,26.689312982645212
1070,0,7.2296128514619005,38.40394773488469,21.19149036996095
1071,0.0,45.37005647668582,50.77742847756059,25.54754593394468
1072,40.00407907751745,16.928337994138385,38.49749576518317,17.10199555543266
1073,0.0,16.6453778136545,0.0,21.733708705432466
1074,0,49.59941179149504,38.53481806853693,33.43357203471229
1075,0.0,0,0,21.37381850001983
1076,25.833972404996494,30.035205075055632,0.0,30.83037126789367
1077,0.0,33.09968956764734,24.493772835572226,13.591555373080539
1078,9.130974350173656,25.84780603762173,0,19.128093443126573
1079,0.0,12.255584477015523,43.50217506283223,22.910465450072415
1080,42.740321588624575,44.19948498342932,48.21602614649711,15.899111368379103
1081,15.927082963819316,24.67709843310941,40.203619156525505,37.164909418552206
1082,0.0,57.402806964106254,37.13062050661993,23.383442019710774
1083,0.0,19.25254418809527,21.754052256765732,13.667766059733614
1084,0,11.201075612768221,24.020409101326077,18.335603797514793
1085,0.0,22.12998969093681,0.0,33.068768406066
1086,6.056997196377765,0,29.991801173832503,27.590848072040124
1087,0.0,13.629648911314522,33.865816307829185,28.783666815533255
1088,0.0,0,55.13309220788338,23.626242281691113
1089,0.0,0,0.0,22.368582952169547
1090,28.8048577356367,20.085482486045542,0,20.31472200374021
1091,0,7.421232593919975,0.0,24.96494732359497
1092,0.0,8.701136206316521,44.33133170441616,23.150003230547426
1093,0.0,0.0,47.31439406203135,29.850260278704113
1094,4.913274251808766,33.66259663967365,33.36308556801485,16.57640340911844
1095,0.0,44.43679955040474,0.0,35.3137326783013
1096,54.82387834211702,37.504983277065094,0.0,17.540455977887678
1097,29.84084373350968,16.819829161747872,47.30974622981844,29.35856343182395
1098,0,35.99982373055132,40.55688385729248,32.18810684304951
1099,0.0,31.000165951375585,27.249078654800748,16.841668527044913
1100,0.0,18.02627762636904,0.0,39.72584991096504
1101,0.0,11.863978102900838,0.0,18.337325458216373
1102,26.524618931901603,0,61.59435431752327,36.87269570575376
1103,41.25256511052706,6.995942102753322,60.81353492242993,39.695893998575634
1104,0.0,22.705594195131553,0.0,29.637773660048502
1105,0,15.210422485899594,0.0,22.06962972241106
1106,16.208562081498048,12.111919672763387,0.0,29.7852527480163
1107,0.0,23.33426219892868,37.72681860349374,28.635496014761983
1108,11.46827618267712,0,0.0,22.438271337715037
1109,0.0,18.768795452502243,39.90507345057204,17.81878526564506
1110,0,0,0.0,29.561128302193346
1111,33.94992798382589,39.85542349252037,0.0,20.02852573780766
1112,0.0,9.296823560954397,36.978024371403436,21.789442273408152
1113,0.0,10.880570627466295,35.744016443748755,21.97553983690081
1114,20.632064492278733,8.62644514525638,48.64362544349188,25.437743552123344
1115,0.0,9.368204653082197,22.41297904916972,19.22550996561471
1116,8.767197333922104,32.61228818910553,0.0,9.81125037532892
1117,0,10.360652270137473,22.4823866955247,16.151719701742827
1118,0.0,31.005930416353976,37.1417753384844,25.50930550674002
1119,0.0,8.36784909879332,32.52389800320047,11.570915442107406
1120,0.0,0,29.83140403197943,24.808262480057792
1121,0.0,8.442625996125141,63.06093107365742,19.02069170327528
1122,11.389206117907488,43.121552953684855,0.0,16.545970741157994
1123,0.0,23.54839754092747,27.89563779960035,22.93617722707346
1124,8.907619800567529,12.610240396490102,0.0,18.49090956768103
1125,31.837834487108477,13.71079853681494,46.4953326458589,27.09807313689365
1126,0.0,37.02352695880753,70.15785860917013,29.09106136539771
1127,31.60304454668976,9.79166010391941,33.938640043632,21.05016750536376
1128,12.098779847329281,7.343736723533538,32.55178015228512,26.826138583086383
1129,0.0,18.300355000551924,14.064183468852784,27.848340280735275
1130,17.096301425906322,35.574014140289975,0,23.638749438197873
1131,30.134896847448214,19.326509640728617,89.2369992242443,17.158251181103264
1132,0.0,21.878628066256958,18.681645629614493,21.945834184189323
1133,31.090990322040188,0,52.43742424932545,21.61602612336118
1134,19.358851658196443,7.93096478960267,36.543829796223484,29.46235785213307
1135,4.932132013594659,61.679413232909695,46.92605271353338,22.66408436908347
1136,0.0,0,50.58622368431824,16.716656239954418
1137,27.179959085643997,0,0,19.466346202924687
1138,0,17.20861806872915,32.95690344432006,16.38810826580708
1139,0.0,11.064318217321656,0.0,22.07776126796429
1140,29.661068609359805,18.125302201403677,0.0,15.740080286681595
1141,27.588432599124715,11.414054123537971,42.27777158113279,30.060910888857173
1142,0,29.30208839951672,36.21835713990445,37.48158116477607
1143,0.0,14.67928135567876,45.278836207764314,14.46842551423099
1144,0.0,9.420587955735373,0.0,10.318921690779131
1145,33.11868874284103,0,36.35988911791649,23.661237053074327
1146,23.942087586801872,0,83.87471150154805,24.50923756593744
1147,0.0,16.65089036874833,48.094650992471834,18.588091915591583
1148,19.112915388048968,17.025605200723767,0.0,16.04811593176701
1149,21.751383220386213,28.795241613470882,0.0,24.022812537226738
1150,0.0,12.723927811430089,0,27.18498184319075
1151,0,9.52534389678736,0.0,17.24248689922493
1152,0,27.523933345530228,35.79517166366511,31.754715098615932
1153,30.60710573000264,8.208078793006843,24.50657085585168,31.68623043925161
1154,0.0,9.9006204468504,33.52057442421061,20.31144774711876
1155,46.21346359180728,0,0,21.244212246323347
1156,14.548469274723354,23.88754353745388,42.93979346773432,45.277349566555856
1157,0.0,13.007531660371678,22.892988308016037,14.314788389503907
1158,34.51604951210493,23.873224308899868,0.9765376828793151,27.956437198806935
1159,13.44047555912485,0.0,46.57233692188695,39.00150303072337
1160,0.0,8.223650697953495,35.58294083854894,23.358820576752407
1161,0.0,7.312746632472494,0.0,12.649043717125418
1162,10.155649280034256,0,0,7.898979805344404
1163,20.920947772753113,28.035960640086152,35.049709781332275,16.43436125343376
1164,0.0,7.13884458764083,56.13018352958167,13.465628532747605
1165,0,38.60620900868057,41.618465726888786,28.768371854378074
1166,0.0,8.60037041525032,0.0,14.135986328331214
1167,19.41618075513381,30.150633781026443,29.745282335779038,27.358452533697225
1168,24.867482088440497,6.408779321009853,0.0,20.888984410288796
1169,0.0,8.755457931619462,55.09604199182533,22.81183378747614
1170,11.472340826541556,26.713672235652563,35.34753294950485,32.695018714765105
1171,5.947868012200037,38.0781363801591,48.831033677313904,18.478741482957567
1172,0.0,20.547871710994794,33.04330335497346,19.12454287951195
1173,4.618518822579449,0.0,56.02763440640794,20.30301662604793
1174,23.849821852126823,8.763719893595695,32.08216874334745,23.241912251095826
1175,20.225110551759837,0,23.459800144106953,20.757332070771213
1176,0.0,18.44010300992782,0.0,17.063419898060875
1177,11.446578748964372,31.32239471061763,67.11598833189701,23.71706811032864
1178,0.0,22.665744312077468,0.0,30.577628705225948
1179,23.907452597632414,7.245610498831644,28.921226181369217,40.41519284729893
1180,0.0,38.497858917590314,24.7420907503036,26.32784522047142
1181,0.0,8.236735910823532,0.0,25.500466535475958
1182,0.0,15.96579253730116,27.560420335528804,23.808321776177504
1183,23.399128154759335,12.289662248201113,0.08220042490633395,23.626829864221435
1184,20.292425477544022,22.701130536306877,36.715077487248806,25.8380567290345
1185,0,15.388046082844683,0.0,19.115823882175057
1186,18.774891965044787,33.82976142137985,31.020134993099322,20.271021712656566
1187,0.19995995086079996,14.348505838597793,38.788335027625855,10.57106075379014
1188,0.0,9.051610571452146,45.27898302978829,28.277757123501527
1189,0,15.516453189810411,38.187035893754775,25.404572422560904
1190,0,9.840336622385498,0.0,22.731267391693613
1191,0.0,18.415729706376705,60.733033345104495,21.985265044680926
1192,0.0,10.633384254351817,0.0,30.73476784268189
1193,0.0,15.309389339068298,19.448044567869303,19.438086218560287
1194,0.0,0,20.86992795967478,18.47314498482509
1195,0.0,10.7603982547946,0.0,17.247271442291716
1196,0,41.58265985699745,61.78403159536632,24.85067327022373
1197,20.691614497621757,12.362322720359767,0.0,27.814985113033178
1198,0.0,26.21177078168074,30.484438604537676,24.109003944169753
1199,33.939725587635564,0,56.41139458565592,27.210788435230697
1200,61.717437177074316,11.79876674914784,0.0,29.07098718211641
1201,0.0,11.604698141698012,0.0,27.98633305958161
1202,40.304901998994985,26.273082373724975,17.01168977572838,19.838875936844314
1203,0,50.116244460614276,25.65954037010573,28.1716459311633
1204,0,8.057198996951186,0.0,24.62474978942314
1205,0.0,19.35505902583768,44.75308599932321,25.771956146487458
1206,4.934872866532577,0,0.0,27.851382791658196
1207,0.0,8.476799623731758,0,28.45084400896022
1208,0.0,6.345398296373425,33.07608350036616,7.045413654857079
1209,0.0,32.514385807672596,0,13.84853411057357
1210,0.0,14.767156539588996,34.52486214302743,19.54756316729948
1211,1.9424214724221025,19.55656350444129,33.1590907258916,26.431131626523676
1212,0.0,46.61901592137826,0.0,20.675654646288617
1213,19.91397545453388,15.314809002696572,57.078852370782165,21.567874952581935
1214,0.0,8.176335689506436,0.0,28.47996647446738
1215,0.0,10.428634391339457,0.0,29.92020200891183
1216,3.962295831880261,0,45.68562363829565,17.441233580920702
1217,25.982446973293765,17.22070132734757,30.87090754707813,32.90071793108649
1218,12.02205441350565,9.775768752742271,0.0,27.131389173653787
1219,0.0,6.748794121289321,39.53829440387658,21.602237361920135
1220,0.0,41.39010288183522,47.11557289864947,31.655251494071162
1221,0.0,30.16264571357244,0.0,25.624458646643966
1222,13.521740827778144,16.98740081599178,0.0,21.29277585494461
1223,27.44173789210132,35.98142788137046,38.09116879918566,19.622688263242704
1224,0.0,9.662475439351153,55.659313185008095,32.23897694914245
1225,13.21807293242161,11.869709361034632,29.845489249451106,22.703634909388786
1226,43.84685350717904,40.97742525985081,32.414290557274036,25.382300093641334
1227,0.0,11.42568880473732,48.29549773934666,21.91697615848249
1228,0.0,27.00567205353682,0.0,24.68710017023739
1229,0.0,24.60382503353821,0.0,12.384768217864435
1230,3.9002316554385046,25.89367389957559,40.260264790778386,16.10707817644492
1231,0.0,8.949981521131328,0,23.771280802269928
1232,0.0,9.530577741122418,33.621921783777914,22.692856708635794
1233,0.0,24.35221560472646,0.0,37.10344788543402
1234,0.0,14.651647867619273,0.0,20.35941682777076
1235,51.85986687996562,9.75319656794402,0.0,18.0393383575509
1236,0.0,21.07723738465564,35.258659347763896,21.840082662883322
1237,0.0,0,0.0,21.946290057657354
1238,0.0,10.447495148493099,82.62837041253448,35.369111088435275
1239,0.0,19.827779844785454,29.923069961208594,40.79785105981313
1240,30.919394481799177,10.151205233312178,62.0330141552954,21.722843152290256
1241,30.939323146348286,11.242009877332029,28.72315049449149,12.201099213852439
1242,1.6052426555480808,15.118748734825328,0.0,14.295817629065285
1243,0.0,10.598426617519129,0.0,19.88367927155898
1244,6.832793725688107,25.333430024873653,0.0,23.045815479546697
1245,28.357726561185366,11.108390333374185,0,11.309025444673683
1246,11.285451128967164,26.52992258838681,0.0,33.404063588308574
1247,21.415906013464525,30.304752815535664,24.31160530876348,19.383286996916084
1248,0.0,19.542349380508423,44.81160278865938,33.285016696152816
1249,0.0,0,0.0,28.486876287488368
1250,26.729881891528116,16.622876085554175,35.87152216706747,23.928795642113386
1251,0.0,8.59343352330744,46.365820701788515,16.38820816241643
1252,19.42733135096964,22.460012407052243,0.0,32.539536823871906
1253,0.0,55.06928777957473,0,19.338288176744364
1254,0.0,46.666288991015755,55.12786930199948,11.008846417560434
1255,0.0,0,42.292101333569704,21.688963442672343
1256,0.0,11.793504821191956,0.0,22.182787966086753
1257,0.0,41.27102478382158,53.06135637854246,25.399078104209337
1258,0.0,9.436215463340611,25.34198967128591,16.229973909240673
1259,28.27081734651165,0.0,27.995343146460996,16.743737410186377
1260,25.801300934783036,0,29.99014550138982,25.749975425452337
1261,0.0,48.42028849088237,0,22.70859612489101
1262,68.029629491823,31.93091517194379,30.983185305035537,17.476625348863607
1263,0.0,50.702162849475165,61.02819270979179,39.16671447967648
1264,0,42.00677811693668,0.0,19.359354719872037
1265,0,0.0,72.69496697289973,26.27969243235187
1266,45.34969853814184,6.83652621027527,46.84211143740835,35.907693041832786
1267,15.288594524059945,18.680430648935342,0.0,25.85933464541173
1268,0.0,14.389019907403997,25.703074924698612,27.435120971180485
1269,0.0,10.165142667132377,68.26976546137249,22.30096299862068
1270,0.0,15.778685215282609,30.58372292690791,26.611127614158068
1271,0.0,15.886338374923396,0.0,41.54642374524476
1272,0.0,13.316748058721009,0,16.88117589540798
1273,26.552746435793125,36.325160373995644,0.0,16.799652980308252
1274,0.0,10.509983704356973,0,11.158043246931761
1275,0.0,22.68165614797324,15.310398647017468,22.684113333723246
1276,10.19346586261552,31.297929136658556,0.0,17.21289948060805
1277,0,7.119989958988867,0.0,10.887794671359208
1278,0.0,12.252073215157075,0.0,29.023021352649046
1279,0,8.807654253462964,25.891701211675137,28.364492551648414
1280,7.331236296963443,16.21763756186254,0.0,33.83685350835424
1281,27.71660637738563,46.04393268234778,0,17.029810722392885
1282,0,13.519368616865307,0,23.028752692145837
1283,0,22.160615200312456,55.529394019351656,29.165770563130305
1284,0,9.017404221877593,0.0,38.94846231967195
1285,0.0,8.560431954702914,0,16.02796512217837
1286,0.0,22.328913709816817,0,11.278899022862909
1287,0.0,31.69444077680251,24.19720911935141,30.360311138418908
1288,0,15.467553710219049,45.04956128943322,24.00486842870925
1289,0.0,23.3258790274134,65.47698049487109,25.675110587735745
1290,0.0,27.28368083570957,26.391927125549273,36.22058229394841
1291,49.14745335374676,7.06473930634514,32.69572301415813,23.30822512616484
1292,21.386407392002077,30.467786581453137,39.63457102801124,25.62091226036537
1293,0.0,13.294947697554889,42.14959219601654,22.864852736670336
1294,31.216032421017612,10.321342355436109,24.80638298671663,11.140889357813187
1295,0,15.82049420662891,23.340513245151996,37.629027274839984
1296,0.0,39.07424832477254,49.419470127187765,24.309936274837487
1297,0.0,21.18634634790029,0.0,29.05224266227144
1298,17.190210739043845,8.66575667401487,22.997237110487077,18.1296963782053
1299,0.0,0,34.81327322709196,20.097068183484488
1300,0.0,10.570159883248753,51.79838875411695,31.23016186718495
1301,8.287888713423436,33.07821406209343,0.0,19.028819037154687
1302,0.0,22.3417977661921,22.65299356160901,23.527230633126766
1303,0,13.94423412737478,19.98596757650596,22.196132270874323
1304,0.0,23.627667874668678,28.518085403129643,27.390611562097483
1305,19.00278034080175,12.553738089426608,31.22792363862267,14.821508392623885
1306,17.44455850988421,17.07399024265358,45.174848317345486,25.78621696272613
1307,0.0,28.707635112117146,20.102176175414833,27.237580608848905
1308,0.0,14.851467152425187,32.20794492939931,27.47788226249439
1309,0.0,10.087277313274058,27.635982116361493,21.437008814002994
1310,0.0,28.258458400559114,0.0,26.293456211541383
1311,0.0,0,24.52826237549209,3.627886184477761
1312,0.0,10.540156136250936,0,33.77429288325711
1313,27.478330088939884,4.795603728846242,49.98044126440425,32.8408888200668
1314,0.0,23.568969712788473,26.50500250114316,22.446299119044518
1315,23.93150248763178,26.979923261821597,30.57418436631932,35.704301269111596
1316,47.123255310017875,0,25.773199596675955,8.367632135179461
1317,18.23087134117511,15.043443345591129,41.536340101786784,23.851320306857627
1318,44.07429918664445,0.0,42.74262728623805,36.837557510201634
1319,35.257487039277365,51.81839340505917,55.40869699802283,29.15402389423062
1320,0,18.962839763488866,50.79592016613462,27.526336060459276
1321,16.063713898815994,13.41219070115994,36.4028965477509,28.628366336657205
1322,13.203181478611462,10.140193497528173,0.0,25.68938933657632
1323,0.0,12.746918542146727,0.0,24.96347966648679
1324,0.0,26.056076277644838,30.678130133623647,28.656922929308543
1325,10.19818195556927,22.829847937966633,0.0,13.790086300605887
1326,14.349672473648264,7.8258401798044215,29.68416942702901,26.11938063979403
1327,0.0,24.55573288863831,52.167924962079425,22.814693031844456
1328,2.7074203396378054,17.255193572634752,27.743989190059523,39.33613473997387
1329,0.0,36.97004675063756,0.0,18.924044610276646
1330,29.859886778479577,13.165230001915727,0.0,15.240577483956907
1331,0.0,19.265751071696798,29.90460083986952,41.47592243607729
1332,12.503369448032725,12.70524309274443,29.714791285956775,23.253006260613727
1333,0.0,18.66386022973118,0,30.655212292570912
1334,11.825520341758269,35.36690754129357,65.36271909295016,19.413370841616285
1335,0.0,17.133830633635604,0,15.44312787870918
1336,34.2530862043598,13.119278948966777,41.18845824260957,19.40460874248876
1337,0.0,22.117923138273245,30.998626552321856,21.224832564437893
1338,0.0,41.57961056994746,35.1073338447735,0
1339,11.792400388984573,38.05281196721218,33.25781680577085,14.087719865678721
1340,25.00521572852408,29.686587887438797,20.665532055019053,10.593242027592096
1341,12.716887995196513,9.558834217092206,33.27905097470824,37.15425753313792
1342,32.210409113054794,21.813940093852896,37.9312660718387,25.931120472890893
1343,0.0,0,0.0,26.56816419213864
1344,55.4725760073689,17.25887570265099,0.0,24.984275312123316
1345,45.77138924596298,9.435860516486384,0.0,14.363272249183828
1346,18.378256696541094,0,0.0,38.30600143300691
1347,0,38.019013360916745,59.19402151523047,14.345882941615294
1348,0.0,30.240332953715583,54.00382038003122,18.739953802405136
1349,11.41623877024631,14.605308397970145,0.0,20.37247441216922
1350,0.0,7.792268580538727,28.00769450424713,27.541060245121436
1351,7.748506472149844,12.021179517889284,36.11107402849564,19.545367009543213
1352,0.0,45.043133486546324,24.42580768180859,31.721387464153935
1353,33.42770016772279,12.196999103994964,37.032937691427236,28.62030828440204
1354,9.799976526320322,16.883496801388763,28.00480462345012,19.05086469631911
1355,17.54477919528082,18.863274937334673,0.0,23.98627361530491
1356,0.0,17.27474212235633,29.24386938998064,30.85114230386009
1357,0.602021854405504,16.747143839929937,0.0,23.911485077042933
1358,11.134578976508706,17.90852819360433,22.49676164200954,26.881446408939087
1359,0.0,11.211842304191535,0.0,31.173058115823608
1360,0.0,5.701953992599811,39.537388720903174,6.282870360888795
1361,0,6.669606983960991,0.0,0
1362,0.0,14.701402082028267,23.76468316548555,21.427959705847293
1363,0.0,40.706819016424404,39.583858811263276,8.892792631219098
1364,0.0,17.425440204492816,28.583180258369637,20.701953784595993
1365,0.0,40.23470684666081,43.30477498504912,25.036604269899502
1366,3.5736495734830487,0,0.0,22.47083530352149
1367,35.26920903788461,26.69997506808893,41.57139128710238,25.246569647244442
1368,0.0,6.79514643919275,25.352714921775306,22.445202819527026
1369,0.0,20.410173611472445,34.20977272729385,21.737061603803788
1370,0.0,0,0.0,29.672265437023484
1371,0.0,16.257299608000384,0.0,16.686869100628222
1372,0.0,10.888403419343286,30.434054061387688,28.087872292883432
1373,0,13.25222185586209,0.0,15.998657268242207
1374,0,31.416146306294017,0.0,34.047112847718886
1375,3.710562989757091,25.47219865873735,31.062226299310574,22.914187615593956
1376,0.0,10.965815917359922,68.6996322549761,11.623269151448966
1377,0.0,22.581413138102533,48.476810754797164,27.426040235553202
1378,13.265340574109429,21.530533557912545,0.0,16.276347143605623
1379,0.0,12.814151708844891,0.0,20.095894092629834
1380,0.0,9.90820135692087,49.1753460513567,27.509351237203006
1381,38.47900552620939,21.275103761522683,27.81129581027029,33.03967276372091
1382,27.73209573430657,0,26.234518706571812,15.553248589142486
1383,35.60575745545081,19.46182591001396,26.338356174104046,29.7134949699779
1384,0,45.34499393467105,33.00921007678883,14.872707263408552
1385,23.238489999371133,50.251870100205046,34.97397318989662,14.36946898021802
1386,32.60813856725559,16.450192798711267,0,21.61968836207001
1387,0.0,31.821024658555718,32.49682968142675,26.007521506899707
1388,0,27.163481943561532,0,17.619746734729418
1389,37.97063966095247,19.21143210650109,0.0,16.39152719940888
1390,0.0,7.288576118166923,30.03398501449459,13.318894760372558
1391,0.0,8.123679312356344,26.02307905640653,25.710840510973714
1392,0.0,20.886406339128666,0.0,28.556661407830628
1393,0.0,15.298360284700554,35.05517745288331,14.903719903755988
1394,0.0,11.54637434619027,44.95528271989716,20.4768264066385
1395,0.0,8.917091519062483,0,27.971860164539372
1396,0.0,16.587496672810637,0.0,19.775967243842985
1397,0,0,0.0,24.059105043439185
1398,0,37.75014393869282,35.93214564196755,29.387156358643196
1399,0.0,9.908698646486714,31.410481749574704,38.13590457855575
1400,0,10.226279926740148,0,27.809438684071665
1401,38.989074395326575,10.764973643472924,39.9324955137125,24.723639223939237
1402,34.94620576469688,45.62402479622613,25.768408375160767,24.722137476555012
1403,0.0,35.99305952196506,0.0,40.208761827940755
1404,0,17.75344340835772,26.247056174005465,25.776743464828204
1405,0.0,28.041341734747746,43.02141686368909,29.61270254535566
1406,0.0,12.57639092362344,24.584521587604037,19.742374958738523
1407,0,40.86285033519083,40.95409954686513,32.37456021682852
1408,0.0,0,0.0,21.97164703930612
1409,28.616602882442965,23.10560451332981,0,30.22596252029671
1410,31.488898341158237,5.9041430152282555,36.057477383261116,39.210184957399015
1411,0.0,13.811256300930314,65.64098832787425,25.753777381584666
1412,0,40.36469520567506,27.070176689633143,24.10895375576366
1413,11.533965400780625,0.0,24.07020505406955,29.41969469188975
1414,0.0,0,48.71648811126323,22.032553787310917
1415,0.0,14.272945864217748,36.16589698125395,37.064687127793974
1416,45.71389664771513,7.879206929928098,42.475455913341314,18.456526285375517
1417,6.764902654923506,8.037953516266171,0.0,28.647522473231952
1418,0.0,36.766059658695035,0.0,30.253715437212577
1419,0.0,0,0,34.4260628140227
1420,0.0,17.482038769889336,66.55364933175413,29.949710569060496
1421,0.0,13.88915547375448,26.893163160777334,23.798584894773484
1422,0.0,0,0,29.90869540512162
1423,45.99921003931531,46.829978000479166,40.31239913914453,26.85213887891975
1424,0,19.52298365747037,26.8193631716767,32.02288838976535
1425,17.283509499499978,0.0,0,30.68545997604572
1426,0.0,0,33.502446682899105,18.95301808099982
1427,0.0,0,37.81633033614831,25.80807149027813
1428,0.0,21.53591169513893,39.48857447123523,28.704491704947255
1429,2.853592028656676,11.203936019397466,0,24.852808255330437
1430,1.6137923141232253,0,0,25.55607973579466
1431,6.814350657412137,7.125284569490445,63.614239168194274,43.49189939393764
1432,11.693924022817363,17.1225129828884,0.0,22.75890425662262
1433,9.395553923429347,11.22017249659256,22.682188449527207,28.28252739322845
1434,0.0,21.494622199686034,34.89924122574396,25.693532336581566
1435,28.154720075592557,28.384013550092856,0.0,27.75388195717341
1436,41.39953542054304,0,0.0,20.35154081974374
1437,0.0,34.53272967847683,23.321165640276984,22.553119437484906
1438,0.0,14.055232930279459,38.18782532323011,33.08726331621361
1439,13.146615408353066,33.16312247563539,40.001187808192604,20.806673835403306
1440,0.0,0,0.0,23.845691011092306
1441,0.0,14.813983852086391,24.814997560138057,20.01750733745051
1442,31.946508284177852,8.32346954044015,0.0,19.359291081907912
1443,0.0,43.65849885905841,20.31034984813638,19.60097717347929
1444,0.0,38.58078243228717,27.84704856380488,30.779889431504973
1445,0.0,38.615877239793164,36.86954408936605,22.547171972483596
1446,0.0,14.643808851377976,42.08043376895547,14.546741163761652
1447,53.506238281035145,26.337564604557933,0.0,22.43626809534307
1448,0.0,25.173961947550655,0.0,16.911633458666188
1449,0.0,0,43.57795198110821,18.568717668663545
1450,0.0,26.010269320401967,30.12224270006716,8.920129966268684
1451,0.0,38.92518898279349,0.0,25.421634641004683
1452,0.0,10.421202520980817,0.0,28.220794519632317
1453,0.0,20.77400948662037,32.44565031022111,22.40181128043321
1454,0,0,22.770647805048085,28.443316313350568
1455,15.629438679431525,0,47.103595141699905,16.001061601561386
1456,0.0,20.212870713058873,0.0,25.430985776127567
1457,10.444916108170204,32.06861273158635,31.801225606118027,27.17507086011603
1458,56.39705094448573,32.70421585475412,40.94804371620297,19.09513334161853
1459,0,30.792459381430152,0.0,25.461967251270426
1460,0.0,18.607322353971046,48.368358842970146,28.4825521446085
1461,0.0,39.06177861396049,53.812043841902955,21.106741831064205
1462,26.269836739072225,29.54017154274061,23.917627442347545,25.372099795984745
1463,0.0,31.064018265481415,57.34815018981938,21.9279090701284
1464,0,11.993405114175477,51.54923202119194,21.00848968614816
1465,26.96097293869955,17.202935900670003,0.0,34.00871851196468
1466,13.440436566924683,7.663377640189563,33.75240847931388,15.993552307277332
1467,0.0,19.380971364506124,0.0,12.885928763350433
1468,0.0,0,39.86290641585478,20.977539187776397
1469,7.290028886988722,41.514527881237846,28.41574057561506,27.075435664161443
1470,0.0,17.335660489387358,0,15.416935361752467
1471,10.321406641367743,0,31.38765078719808,27.221867041046277
1472,0.0,29.946169210367536,44.63907754333468,16.45946764755071
1473,0.0,31.74814105359315,30.32699152023341,19.824192251306858
1474,0.0,17.702430130804498,48.322069793756,0
1475,0,16.08366806622435,0,17.841821399955048
1476,49.50898418117833,21.1606822621975,0.0,16.48237258248868
1477,6.119962051919138,21.69984196950493,27.988172901853936,32.933372112829844
1478,0,33.43907130134961,58.12723970037094,24.580260834703168
1479,41.48492387238988,19.688009020003335,30.786154628233312,19.93593682552548
1480,26.324714829184853,7.6862351300865495,54.31104297359361,21.412145111572354
1481,0,16.486088566657287,0,33.0946848571887
1482,0.0,10.202093501099577,30.8759459259189,18.881891149586433
1483,42.08985988737932,0,34.38484413124325,25.007550953232414
1484,0.0,10.236704096419134,31.432649373379824,25.87221234045482
1485,0.0,32.71621672103745,29.72727452640334,17.81907918307108
1486,0.0,10.871407614325486,48.82930058018253,16.01727739983793
1487,21.327163869508514,29.477977051161872,28.16112145977512,34.240487439962955
1488,0.0,0,0.0,15.67643238360141
1489,14.433204205333238,7.028786434985314,0.0,21.070657792663116
1490,0,21.073904743125578,0.0,19.937895752362497
1491,0.0,41.64924291770711,23.676516442305648,22.08429707686873
1492,39.553327803268154,30.7476668684436,0.0,17.680764744101626
1493,0.0,9.297739702824494,0,18.7676887132896
1494,0.0,14.844355024695435,29.855872747856285,24.377455119213806
1495,0,15.720539483116719,0,31.816807714389185
1496,0.0,16.060133174069524,28.03828907517988,18.147027313216245
1497,0.0,41.432467617228,31.76584011029924,30.722077953535315
1498,0.0,14.65400196453244,23.46504493105218,13.578320271305282
1499,0.0,18.816247605401543,52.60172731928576,21.66217843255123
1500,0,8.582535845427818,32.8258790051743,28.414696711432725
1501,0,13.453404358440153,48.0410378105696,27.90808639920933
1502,0,29.60321403889945,24.578143051665204,30.955142790670923
1503,0.0,16.213713363125134,0.0,19.71586661987516
1504,0.0,16.671422829190053,44.46623668727028,32.791381073920185
1505,26.494683239306415,44.01426680244161,25.0885234633453,24.139563993998156
1506,0.0,44.153250345214126,27.811294871359816,26.245974614730542
1507,0.0,32.10061622232644,0.0,34.95594687016066
1508,0.0,8.164649809721798,0.0,19.4172862606276
1509,51.79332526567905,8.744456426723115,25.76127364195916,20.731372797199775
1510,16.414247640446384,10.353082458641712,0.0,23.911322778342715
1511,0.0,10.35232836186639,34.20795411102109,26.969789740757097
1512,16.325662120984582,34.52812008572934,0,35.40981746353044
1513,0.0,36.65610354906866,0.0,26.887881896116333
1514,27.369902194750992,0,0.0,23.99103133788185
1515,0.0,8.523596123793482,29.5236036273319,21.11590158305585
1516,21.95505490390736,8.698772844246257,0,21.22583662373722
1517,11.429032589711843,20.767616095157305,33.699037925553526,30.05791590269433
1518,0.0,17.754446257722513,42.9945296148311,31.899056175283448
1519,2.1691983505060772,27.409572062210195,23.5200333106861,12.852200164530249
1520,0.0,20.647997383701252,34.784412469630205,22.160052166974463
1521,36.78220270695127,10.23797034303503,48.587597678643995,24.723378973666694
1522,0.0,0,41.744265969439844,24.44624680944958
1523,0,25.93687620322352,0,39.03042995521753
1524,0.0,0,27.96286613926742,21.172905609418063
1525,15.361041547178132,11.847245221867611,27.61496364018063,21.476701761338973
1526,0.0,9.650519016446783,37.83504426370243,20.619160796678965
1527,0,42.849838931605774,0,22.63734012496724
1528,0,13.899857324682406,26.475560757881293,13.566862198482541
1529,0.0,18.584589502114138,27.290623987562462,35.298223647298116
1530,31.110070074318593,0,36.56123741072732,19.256851733419285
1531,35.74663489235656,0,29.75170072532536,15.103255634587105
1532,0.0,18.02932809843421,35.58333296935561,27.628228545797047
1533,0.0,15.134581151981322,0.0,12.52715082132294
1534,27.433611755172006,8.370452892408384,0,36.164493471566935
1535,0.0,22.496405103325465,45.04243792212693,28.80328906004526
1536,20.894143762612526,8.238885946327311,0,26.172401474194064
1537,0.0,30.96797395872912,0.0,16.34089464745407
1538,0.0,30.419112578384098,0.0,13.87034721132936
1539,11.93911792965376,12.428179115041416,0.0,35.10623385165156
1540,0,25.47838806570529,27.119714031672792,13.010184799788496
1541,0,10.504825701994408,44.78688323171465,30.954682430516044
1542,0.0,15.742621400375619,36.50305217500027,30.310508934858554
1543,0.0,13.598436101009485,29.98638481153515,32.33325491348176
1544,11.291840880722793,29.604864028275454,30.874174371139105,17.85785703085874
1545,25.971781826672576,0,0.0,23.70947058576298
1546,15.2491862931225,12.330331618357011,50.416660430547545,23.089603202151054
1547,0,17.59738554039773,22.784670474365775,17.923068789568287
1548,0,11.575807189816956,0.0,22.338220890916805
1549,0.0,10.129460106062268,0,12.195217160529007
1550,0.0,37.14283421512924,0.0,18.09873558540307
1551,0.0,13.312639139717467,0.0,30.685317225612078
1552,10.944470941718793,34.720891559086255,0.0,26.990602737998124
1553,19.860247764277716,21.658023184434352,0.0,32.87147234219948
1554,30.75801659519119,8.101611935132059,0.0,23.026702798920336
1555,0.0,25.875757010749556,0.0,32.10239574556408
1556,0,22.043832700771386,0.0,21.984945111933637
1557,0.0,10.312485245825584,0.0,42.303472750008446
1558,0.0,21.455839511544617,41.68258399903533,29.498447337209086
1559,30.052214505845175,40.44524647764989,54.89064431466525,25.821430891615066
1560,0.0,11.861085552113966,34.837363149628345,23.977064450213486
1561,12.178534219403945,13.480731602234822,21.483299579176805,24.24104055790435
1562,13.765075605596595,8.66908622457047,32.589930650083716,24.352454878226446
1563,0.0,0,40.148498921843974,31.039454275349264
1564,0,26.254311539302744,42.128850048724,20.03026044912684
1565,25.29587790161123,45.5287121390432,30.628622932412195,40.853286084340496
1566,0.0,22.484697974817724,0.0,26.00400866851203
1567,0.0,17.199376256469154,38.11409896535417,23.685506827371338
1568,0.0,0.0,25.863040171256426,28.918662435385947
1569,0.0,6.593359705444152,0.0,22.231931313291412
1570,0.0,37.899793081473106,0.0,27.299517153294467
1571,0,13.867543683175391,0.0,23.785399439767033
1572,26.78127199828096,11.311592812581843,0.0,16.966567750013613
1573,0.0,11.600486857465945,27.02382720445,10.374463343755991
1574,46.724739853691084,39.53985578931147,25.431361010388606,29.385214493985416
1575,0,18.473947753269687,17.59774315643425,21.4741453594443
1576,0,13.630264792857465,0.0,15.683919600307014
1577,8.092140891941268,12.995127233806716,0.0,30.043260459437622
1578,20.77546313750173,21.173270650730405,32.415470347632045,25.478492918512433
1579,0.0,13.009841330686857,45.343912274177306,19.72665964482582
1580,0,9.50686252784361,53.494110941887,24.115547446134855
1581,2.01306941497232,10.00482659957648,0,19.381458067462518
1582,6.7598256577697216,12.114541072210343,0,34.04952401534335
1583,31.449096283778804,8.062667846228518,0.0,17.397007043094536
1584,51.60275336684223,18.377776863377523,0.0,31.155393768210917
1585,0.0,0,0.0,27.73764352763623
1586,0.0,26.659508697159662,37.88047298554304,18.034667589836683
1587,0,33.74947477399784,22.982150047559532,18.07069907650229
1588,18.5781701304306,0,61.074371687515146,29.008211782763464
1589,29.20930946912569,39.201743445786505,33.80954823735782,16.99770141165105
1590,20.435815027340098,11.728901404387036,29.128113974592477,25.480722651409103
1591,25.437607599957445,10.939589206165476,47.468803215599095,25.540340315378142
1592,0.0,0,64.27462865203357,23.337351329157197
1593,0.0,38.064966724208325,29.218538862538797,27.234759887621248
1594,0.0,16.844285938058633,23.759034210251624,22.881454193490566
1595,0.0,17.579677635936175,45.988419189422295,12.798779651792282
1596,0.0,12.449027512028824,58.45856905083527,16.812445096951944
1597,21.722040174668393,18.521063343066224,34.71833992639147,23.991975980813145
1598,19.245425671976992,14.8176245177062,0.0,30.338750371013763
1599,26.739807798162982,31.189813669668215,28.17663207017036,36.67586620129003
1600,6.449408730529251,11.692349988816776,43.411841416367494,22.59308873865767
1601,0.0,27.786157232817196,36.56793676178282,22.946168623849193
1602,0.0,6.276231118316741,42.31444756625422,25.214726400717428
1603,3.734068083175774,18.421924095303762,40.77295900134703,12.323335543955249
1604,30.50843110534448,12.556457858960362,21.426077970584807,17.00078429787339
1605,51.979651311141104,8.4863317656879,26.799100555934356,20.958430507526213
1606,0.0,46.14768247645515,21.35217954171149,24.219679444085195
1607,5.08907922344044,3.781453482054884,0.0,26.781997557323084
1608,23.457867747423222,23.986310573654414,61.02949261400933,30.665864620779217
1609,0,15.992152722612047,30.30695449677283,6.246724344594593
1610,19.794691316183304,24.737001360523287,0.0,18.241777592121228
1611,5.965471519339836,30.35207349886013,31.00778677826472,25.32604575868125
1612,0.0,14.893416608763896,0.0,19.259725902051976
1613,0.0,24.655567764173675,0.0,20.422444543863495
1614,0.0,12.364653175313633,27.605728102887188,13.045086935308149
1615,7.751377638114218,0,0.0,13.268846342144712
1616,0.0,14.908267707374963,0.0,25.27173424001833
1617,44.500093248099105,45.94544127241234,25.311788454027678,23.138967075976627
1618,29.065320219623707,17.1567508439763,27.31840811193526,29.58118107369205
1619,0.0,14.651128896483174,28.203963777548758,13.73250952165447
1620,25.07463726136941,0,0.0,23.038694329371143
1621,0.0,7.978237221213129,0.0,19.578444023446277
1622,0,19.578922960901398,14.542500990110156,41.57522047774311
1623,0.0,11.482979980103226,34.496633400277084,21.54310995528641
1624,0.0,44.323011275665266,33.286145001389336,22.755062203247007
1625,0.0,37.08993807374545,0.0,23.363079791840185
1626,0.0,23.541954295757893,0.0,9.6499125928091
1627,7.405521860671993,0,31.742929768612793,41.26683070714925
1628,0.0,38.05056255136018,39.12495561526204,27.80353317621846
1629,0,33.10773479092576,46.615403809939544,31.058100987481357
1630,22.455716919614673,30.958762936435704,41.99920614634103,30.901141619498272
1631,31.083793121159403,0,0.0,11.548474045330721
1632,0.0,0,38.15284961638271,24.065919171036853
1633,0,8.56496979501588,22.076561914798198,17.015290079177586
1634,0.0,0,38.665379113537355,28.478894695328428
1635,3.4641836585901147,0,0.0,23.923500954013424
1636,0.0,39.27897801737344,0.0,20.74495089227181
1637,0,7.22565980742232,0,23.358361082334174
1638,0.0,14.56862357850802,34.93502978403181,18.967479014840517
1639,8.75594773286446,20.933569923317222,0,23.668548357619713
1640,0,23.154377487205068,20.220026539511668,21.887744611028943
1641,0.0,10.033833275600594,0.0,29.474879819988946
1642,0.0,21.232895368519173,46.376369016945546,31.37906074614902
1643,1.3882792365788823,46.71877524196665,32.395299776895214,31.21952485027208
1644,0.0,0,42.49189651342801,34.51593006451619
1645,0.0,19.47260570083686,53.554540712003316,34.900133011900294
1646,0.0,28.393318465916238,28.658800166025195,18.885260883092908
1647,6.49788159441545,41.35647256167156,33.04883909655313,22.307832218027777
1648,0,26.300381330811224,62.95164142275304,28.002243690430255
1649,0.0,8.783821026292776,0,14.24941357650326
1650,0.0,12.276225404064997,28.46780775621267,41.697836610139696
1651,7.3367209491233085,13.80957558124269,28.554513166172175,24.111253278950052
1652,52.10274910538144,20.778386222235152,40.7408411009329,20.751319140490807
1653,0.0,12.054259360221081,33.99741276495322,32.97652552432428
1654,32.09285107026572,54.766732263479895,53.03241181992751,32.66015040202439
1655,0.0,0,43.565923901509045,39.611169324100594
1656,0.0,16.797697244088447,0.0,42.73671215174718
1657,26.895837565043955,11.751768816405013,0.0,20.19178799006279
1658,3.8820352635124857,21.670875043744267,33.075181367443484,25.518048257139842
1659,1.2269462970463878,9.889176588278671,45.08699596681675,24.562498603115174
1660,34.25740940790805,0.0,55.843540824065535,27.154422320197078
1661,0.0,10.711926390814854,34.29506830530579,28.487980960407217
1662,0.0,10.221231214453802,57.14922675832835,23.227055499974796
1663,0.0,11.895404410736079,27.098079434686138,27.693540837318764
1664,55.94202859017978,32.33473133485595,54.71970507888283,31.720762024399345
1665,15.634810694793728,19.019495632844656,0.0,12.907472994420687
1666,0.0,11.301036866557885,92.77770644820203,12.833259618438657
1667,35.0176964780729,9.93354897222008,10.311626869890192,25.613862962458914
1668,0.0,11.24156095509618,28.40149780248286,15.698037687423701
1669,51.01310184874777,29.50054817329515,0.0,25.3976856900917
1670,0,0,0.0,15.760492069351788
1671,11.302296969481844,11.795150614371849,41.8046671061309,24.630065391640084
1672,0,14.165688071438982,0.0,9.850600516650095
1673,21.559262708547465,52.28541928484633,0.0,19.458302155789593
1674,0.0,0,0.0,19.195255357846555
1675,27.528076171037668,26.262810574586744,41.93368973383376,12.127891220552275
1676,0,0,0,24.211321727717657
1677,7.009851447146779,9.831768886885186,0.14093321960911545,27.74828707781856
1678,47.62503923603441,12.98453071413302,0.0,51.59406377881337
1679,0.0,7.650236780961133,26.697456275142258,24.61796013556529
1680,14.800828154084263,24.46461284930721,0.0,24.66965383820263
1681,0,10.764267601376446,65.10975723847383,23.593160195023824
1682,0.0,5.672857051313884,91.21138135041751,20.7934709111715
1683,0.0,5.359747033065832,0.0,20.44150029404302
1684,0.0,0.0,0.0,21.507586393309687
1685,0.0,0.0,32.65844595448077,25.44440604788312
1686,0.0,12.649985192695237,0.0,32.91784256780842
1687,32.1361477680224,23.7039789546588,32.40697018041489,18.40213574635061
1688,0.0,19.940993332745947,0,21.27203075598287
1689,0.0,0,0.0,26.646201436702917
1690,0,8.288601801856046,31.88308053631931,21.91964120682397
1691,0,28.86468495979431,42.534898830175685,26.316953912005598
1692,19.002085186040492,31.541455021523113,40.37996386619914,22.650079794538236
1693,19.293347197015077,0,63.26878886902572,26.54969905596138
1694,0.0,21.088381895441742,47.33497144048867,26.581919656395527
1695,0.08615856711150664,8.252220608467022,0,41.73742591335578
1696,0.0,6.343936172907942,49.56619829025438,36.9438565891066
1697,0.0,51.94390539114041,30.90980913711628,19.182543742961368
1698,0.0,0,24.401427727722144,31.105626445562365
1699,0.0,8.915391648833957,54.1239029632012,23.855353256808566
1700,31.07349062078909,0,38.756943900372065,29.39746644296076
1701,20.530463805218147,37.40523911182692,25.728966140057665,25.064035153912602
1702,43.76270904508249,14.840203803726448,0.0,18.216618477793848
1703,47.15527268419743,40.937230119693815,0,35.80033464252961
1704,0.0,12.317799456452857,0,30.191304920367003
1705,0.0,9.939997482374244,0.0,29.361516641579495
1706,0.0,6.198135719316908,0.0,15.954042119647402
1707,30.281807085159866,21.70617758926108,36.58179954449135,21.38591059250674
1708,0.21232626125031379,7.151912154845532,35.422761765517606,25.32429060272962
1709,5.566832640763731,17.884677139968026,45.931628555468485,24.335561717567636
1710,22.08504910649695,0,0,23.911803566257912
1711,30.566938490693143,13.20513915646567,36.194095754153,35.405564553828995
1712,21.868367089439115,45.35620615281598,38.85379484661455,16.893457603261798
1713,31.67411152141351,16.15976769552719,32.13204123519273,37.174089443702144
1714,0.0,32.11599314136342,48.40776711125712,26.574565730434884
1715,0.0,8.633749250512468,28.997613149857433,19.996752360856267
1716,37.065783992154955,9.223113495840002,27.995020622307607,34.52210096632803
1717,0.0,10.204475812298698,0.0,32.39868861427382
1718,17.770977795182574,10.512498553143564,0,18.000581535506278
1719,0.0,11.14041603798698,32.389724536377706,23.93585317483932
1720,7.8701239680853705,40.51915247337797,67.70601035697787,34.8349544859717
1721,0.0,0,37.626547578708504,33.70556275396285
1722,22.78708356472224,8.06685356788688,59.28102385437289,25.70730971037171
1723,5.488354216479742,30.98777337413119,0,30.41954979831767
1724,0,25.903000173407687,46.94926985950977,22.596830374796607
1725,9.286298319103254,28.525142531298403,49.699701856372826,54.386210478816174
1726,0,23.047420734687908,38.25258138268764,27.16973323205239
1727,25.312828895196382,15.916263462609999,35.79771713501302,24.763284053638035
1728,31.837372999677203,27.08056822234686,0.0,12.300782594794589
1729,0,33.110547302869605,40.28962054331962,26.747395598481223
1730,6.911350843432571,8.966589796115324,52.61176978942107,26.083948882125732
1731,0.0,10.580110265943606,0.0,10.844870131169719
1732,9.55422597491975,14.790588159771701,0.0,27.53818970720974
1733,42.18571844663732,9.32734886990974,31.790660920633773,26.704081038310964
1734,0.0,23.36615443270835,42.20185585301902,33.60531450493185
1735,34.468048705265296,0,28.12435025519928,31.874434118515193
1736,18.58811817314326,7.285709369685157,0.0,24.156540627420522
1737,5.017364709793966,8.072813125898907,25.835842326671923,25.881094550087045
1738,0.0,37.48381738681205,20.350855850086834,23.38188673361679
1739,0.0,31.838519628739444,41.847224436213814,18.647479516698105
1740,19.90844654634749,28.91814006512332,35.57398722244667,21.662352092574547
1741,18.892358940306394,7.624983401185065,43.595644361955294,21.752245243126694
1742,32.735608674042034,11.939718745718038,42.030025171311486,10.735970147068377
1743,20.99585715267727,12.05782203237375,24.044413735281825,19.41362619261562
1744,0.0,16.803799490819337,56.01562304186925,29.12308771083232
1745,0,44.02063855961734,0.0,20.38501434369083
1746,17.714514350358893,8.111894443797489,0.0,23.840960437524885
1747,26.30338284896905,16.734799512024168,74.99543063872828,21.070785615713575
1748,0.0,22.385584056749742,51.865839505349655,21.763230595872965
1749,0.0,0,25.5671041346013,18.6352350792163
1750,35.25021226571469,15.616519085087242,27.547979512600563,14.439946772075253
1751,37.504017532431625,15.34680611753832,52.06210199522444,23.473259971065275
1752,0.0,18.953457946847635,0.0,31.881664831306164
1753,37.875312033815504,14.185349045169058,0,29.00684042004933
1754,0.0,9.551372087213839,0.0,19.47313886115995
1755,0.0,13.620925779519155,35.58593188420811,21.713770673774153
1756,9.855399149212303,16.95595009221064,35.5937290928779,17.662075719210623
1757,0.0,34.92113023921878,0,48.479802760120116
1758,0.0,30.11480367281874,50.1241901784284,21.87730705763476
1759,10.528223501901595,12.170896371721861,0.0,34.51216681730773
1760,42.37197381916732,34.85013060664578,0.0,13.556495921403707
1761,0.0,14.172083822034505,35.852577434162846,28.62087627778269
1762,0.0,29.827766153706527,51.12102767455824,12.292035544182756
1763,0.0,10.552868355981717,54.325692638548425,19.822441289388067
1764,0.0,12.054031560664505,35.0303069151007,18.579431376427397
1765,11.1338391376971,0,34.15383048062667,26.102475221761257
1766,0.0,17.564035252143018,38.07803473681864,29.663435247275157
1767,0.0,13.509422367775603,20.97139416823195,24.9053729281573
1768,0.0,20.90640573835176,0.0,13.295598699347067
1769,0.0,13.29928656923857,0,10.528106684448057
1770,0,0.0,49.31499143385493,26.72500112827584
1771,10.462680240258049,14.478065684182456,0.0,23.1242212189261
1772,0.0,46.7100486839995,0,24.036109784533366
1773,35.960306023495896,47.270261309987475,60.873782186984265,28.98517804870922
1774,0,14.084899048811222,0.0,37.02096781597972
1775,0.0,0,0.0,22.071845183785474
1776,0.0,17.08038151114519,29.91259855150436,21.902906292134308
1777,0.0,52.412866500597374,51.50282860862002,42.092005640668646
1778,0.0,8.726407655868469,29.559348069910868,28.11013583442474
1779,29.018223541375452,39.276163664253545,0.0,40.516559683226305
1780,0.0,14.20892606445627,0.0,28.997437687562414
1781,0.0,25.854294010968065,29.24462337084593,18.281827448158403
1782,0.0,9.324878659244819,27.692097416256328,18.325917114481978
1783,0.0,12.21983125130388,39.41098213587232,7.414329359003997
1784,0.0,9.66332172866419,31.903033665929463,26.210367035125245
1785,0.0,12.482047057571053,0.0,28.713804457745027
1786,0.0,14.570291542800387,23.919919644454552,24.02490601152624
1787,0.0,10.727821227606057,58.90177686236248,20.69160481897957
1788,1.0545110166621847,41.27212925991166,37.98433078611536,28.587950296141525
1789,0.0,22.17229024141052,0.0,12.106066583004228
1790,0.0,12.571682172951839,46.47742557735065,19.076798082448853
1791,8.175586909831779,12.100171376162262,52.21878809450133,24.058581343272593
1792,8.41839009134182,26.188069241700642,34.06439662414156,23.057999109286634
1793,20.098315138256194,13.317663288309005,0,16.995737559527704
1794,0.0,0.0,0,20.409848711042923
1795,0.0,0,27.542268266732773,13.970581233574073
1796,6.8274765958713495,18.300361093262936,38.232803072793985,17.528651906270927
1797,19.11855295424348,12.588224225148837,0.0,12.164054321629383
1798,27.46540652329767,27.370250033646542,0.0,24.286311687086958
1799,0.0,8.842179918476665,27.676602779046103,18.43915377145143
1800,0.0,5.875560074111064,0.0,37.74400499758393
1801,37.887330639346004,17.686111124745718,26.143833991172862,27.753976830123825
1802,19.414685773418153,26.23935924602563,0.0,19.927790242113403
1803,0.0,9.0240624753573,30.77087815493281,28.38167246964893
1804,56.77017646729853,17.363782768287155,30.908876084418495,31.546401253378036
1805,49.40586623978234,15.62126801178744,37.46983580986111,14.084797690662034
1806,15.166662886432244,12.355800066339393,42.17368821012652,19.586345687048087
1807,9.433133807262214,11.280324840948207,0.0,19.762797051393555
1808,0,8.025218857993588,42.00019416048401,52.22067856215525
1809,26.249308961225978,19.86933912469303,45.57476457391874,38.63396593711722
1810,0,12.199729476468542,55.3337481868271,29.824295864245475
1811,0,14.752317226639459,43.37931721138405,22.272575482902788
1812,0.0,17.84667975907233,20.85782441618158,17.220362251821076
1813,0.0,9.591901308088781,0.0,42.788737562401074
1814,25.785354847107808,17.63887919932352,29.27680596250717,22.341481865233966
1815,0.0,36.71663439059434,0.0,31.922049574399296
1816,0.0,17.174004501527232,44.88275305086983,19.492024264115926
1817,0.0,9.414357589366885,26.553347886980113,29.186689600089682
1818,0.0,0,0.0,29.820445665265957
1819,37.55452103719895,7.750105283225794,35.2355553327834,20.354651861075215
1820,24.48593577972978,24.828942507366914,0.0,15.664337425220662
1821,0.0,8.826393501549841,32.87020899192714,29.873200174125632
1822,0.0,0,0.0,17.965376139835065
1823,0,25.40470137925975,31.777954920835327,31.57380873010029
1824,0.0,12.779743049551943,32.50170852280857,20.82541171524257
1825,0,37.63899885060644,41.154213644668914,39.38482324713478
1826,0.0,8.646007647240072,47.617500306677655,24.745061740432636
1827,0.0,16.657083376847954,50.29671609737944,21.24738872773014
1828,37.434964533567836,36.285731510792566,0.0,21.87861540077868
1829,0.0,14.075904378389993,31.820641422076466,27.002448382819104
1830,0.0,12.735750969956506,47.03624621382465,22.694841834364585
1831,0,10.833517643209476,43.83213115938496,7.290471923152779
1832,38.85352713703438,17.497312687068188,26.69015901309202,24.652864857435453
1833,0.0,11.011503288887969,17.787239501804294,21.193339205901385
1834,0,47.34149552392637,34.14856332553193,17.889687190774634
1835,0.0,26.240220470667374,57.03771761313817,25.118512833281464
1836,16.994081499021878,12.182941241200401,22.127711011332256,25.91356349553551
1837,28.91528569691174,0,0.0,33.42789438962693
1838,0.0,0,29.236527921906195,13.549627433553582
1839,34.751945295372714,25.195329190075512,0,24.945675275497603
1840,0.0,8.471746556723783,50.55411201412322,35.25199311597027
1841,0,16.752443730166025,25.651394572649355,27.58609107068562
1842,21.106839794775812,32.13159977143569,23.665923531747097,24.88750539040222
1843,24.72401939042497,14.651233269507227,58.81960963565603,18.28563976656182
1844,36.972499325101325,15.51160856363614,46.861358701844075,26.398684367107073
1845,0.0,43.95448852921994,29.119956035345886,19.79406444339019
1846,24.860168048294522,23.43311048612505,0,40.684852794391304
1847,0.0,27.45400003831739,0.0,41.54005801080598
1848,28.25765564777639,0,0.0,25.211878029078452
1849,35.64665978908711,24.32152525963332,36.455086416086196,47.68651260828116
1850,0.0,30.989228689719067,0.0,27.81871278221441
1851,48.01202872144379,11.472387510981491,32.2822733150328,32.03116907652797
1852,20.146298936741207,22.56598977662912,0.0,19.12701217890939
1853,0.0,18.038291568594953,0.0,22.52219275178125
1854,50.634697906003424,18.371195117732594,33.480973862965655,12.07233810135159
1855,46.24660626319882,35.26710511400404,65.20547968689581,19.417027381780148
1856,12.244776308569406,10.731009567707167,0.0,18.918936653123023
1857,17.70808971411593,0.5686217737942199,50.343588500364326,33.23399333727206
1858,0,10.157458589790705,40.721239189569474,46.145517972212595
1859,5.326061405007797,10.324247398390991,31.313081911634487,53.749196446241605
1860,0,0,0.0,19.376624546324557
1861,0.0,0,0,26.803597222314444
1862,0.0,24.83705767259998,58.48656670056846,29.53479368581351
1863,28.132264931458884,9.908060941441237,42.38810557607209,17.530406511099986
1864,30.677055125105202,8.258503761074447,47.67625670308311,28.955630219915257
1865,0.0,34.802859938871876,27.664781520923558,30.406307744909085
1866,0.0,12.205676911716871,27.82798093133558,21.66583697321612
1867,0.0,22.313712739166743,0.0,27.731268690184915
1868,0.0,17.943990012779594,0.0,19.981543132678894
1869,0.0,12.10956633795241,48.197550345927404,37.71046386932369
1870,0.0,9.791255861822819,14.483115970072703,22.658104101219795
1871,0,19.719529324021888,48.85322327995669,15.04752240627252
1872,0.0,47.58984961280024,0,26.866220048991853
1873,0,10.149879738176914,29.946822237276336,40.8496764059957
1874,0.0,29.862948525108838,0.0,26.543737843660473
1875,13.08630486082495,25.6955850752493,31.821114764868124,34.7522131105293
1876,0.0,8.611540414186399,32.36011537602804,33.78487133358421
1877,39.77237123406734,12.5748881399121,0.0,23.10099435468947
1878,23.59857102819953,6.8009369330647225,0.0,21.88151246482743
1879,0.0,14.247129281003343,24.690405375301573,24.26192122630423
1880,0,9.435639981327093,33.979211037950165,24.886920198812934
1881,27.178005779933898,10.650668737707987,18.39486151216491,17.706600679472057
1882,21.732246610818034,14.318872798828409,47.10757236389617,26.078835259780824
1883,0.0,12.18044240857103,0.0,32.935581528206676
1884,22.573406496738933,20.430209967667793,44.49152320063714,36.43686500273995
1885,23.07253703779414,12.525433242126422,28.617418622155245,32.343327362569404
1886,9.557817737687744,7.562840907241249,24.566297984797067,31.941441111865686
1887,0,41.60940311417124,34.87258515989302,25.63324601833231
1888,0,8.31755980939272,29.19316547660806,22.968363168873623
1889,33.992694765458296,25.72093460956325,43.910830682627385,26.508443592912354
1890,0,0.0,26.758152670798093,28.61306130970844
1891,0.0,0,0.0,32.20885690740388
1892,42.26093342250579,15.384637787536143,43.09564213043545,14.598852901280814
1893,0.0,14.17201934576421,41.801658375354975,22.60522852419431
1894,31.38302245525234,14.025873772504088,0.0,14.196779515062728
1895,0.0,21.775481575241837,0,17.820348903051336
1896,0.0,16.41301146327449,0.0,8.37138480673012
1897,25.236197786477614,16.820321527795404,54.02351156714885,16.510972264689435
1898,0.0,29.005003662524945,30.56023798360688,24.8448421308524
1899,10.132219799253201,22.389433940810317,36.67395616476612,17.58781185241615
1900,0.0,18.002984605976255,67.87581865923555,10.180247201912927
1901,0.0,15.154688620274017,29.217183912483087,22.899567274521583
1902,0.0,10.80115758253795,0.0,22.6293717612943
1903,27.735121015635094,24.21774357931779,0,17.511691486305917
1904,46.18996940250618,17.549890224005857,0.0,27.39842579097266
1905,27.15079747771501,40.52259937116854,0.0,10.969932676191778
1906,0,13.967125936021505,47.17229928530845,22.40630500972495
1907,0.0,10.613623130849684,0,23.517516981023466
1908,0,50.37107433054193,24.876861089573,31.940081986045712
1909,0.0,12.687388943794948,32.829277592103125,26.926438164432945
1910,0,8.822615065120795,34.03464352046946,18.94402415491385
1911,39.47066823309897,37.25662118023676,6.383245842317596,16.57072301418357
1912,0.0,13.440001277099205,0.0,23.25120835695087
1913,25.4095268784285,35.625123968115105,0,18.393498707407822
1914,0.0,7.57323716586244,0.0,23.64441660324099
1915,47.06753731044643,50.16843473168358,0,25.585082945669345
1916,0.0,33.18144109033468,0.0,24.642308280980224
1917,10.147241837609897,17.44088832510086,0,29.97548361906375
1918,2.340471974570058,12.656162935192441,28.393424622357276,20.85162140198586
1919,0.0,0.0,49.81590951934749,23.60278541128248
1920,0.0,0.0,0,24.270946171278233
1921,0.0,0.0,25.075000944238393,21.970012791071213
1922,0.0,18.249629635067613,43.963303040752805,20.28608104881436
1923,16.271381205717557,9.171235537477472,64.25045032020613,13.107736635762219
1924,33.811934354317515,38.60887536229566,0.0,23.745657661769073
1925,0.0,27.9728578617557,26.297925926585517,8.379838942031096
1926,22.820692060121974,15.952025101242928,0.0,19.806151866542027
1927,6.337667670078028,24.36270539532041,17.726542300105983,17.33103647608949
1928,0.0,41.54445542399554,0.0,30.103610754968436
1929,0,0,35.91341529657067,23.581722042247204
1930,0.0,8.33068874284338,0.0,26.414043282073223
1931,0.0,17.913187474944863,24.438692934911916,38.29058024405686
1932,14.457906862393997,35.96294280205782,28.748924985174774,29.659825175294767
1933,0.0,40.227743158861315,52.617418334641464,31.563590167637045
1934,26.559176729440104,23.220018870532538,0.0,7.6582368961584155
1935,0.0,35.29743827913841,43.54960629930645,31.054601911393
1936,38.56914801943071,31.171714668240696,29.535168917009226,38.31151147324552
1937,0.0,10.416441816218294,0.0,25.303771105076198
1938,35.14540039334277,21.733531707750195,45.08353714192366,20.300676781700535
1939,0.0,37.85734333781568,27.703653240108544,17.175818608243425
1940,0.0,43.00056886892107,28.587221492442463,11.068622753017745
1941,0.0,19.058384243015706,40.44336942045729,3.12443295316977
1942,0,13.994099124022394,0,22.914056147419526
1943,0.0,26.13909636794005,49.89463078938843,23.396120144696948
1944,0.0,21.493857653701067,0.0,25.99801264060519
1945,42.80814786918743,27.23181045075975,32.27333625560156,22.299336777987993
1946,0.0,22.920134285974108,0,33.944298430956295
1947,0.0,0,0.0,24.762890234832163
1948,8.802400295585644,20.21132700484997,26.581140656043946,41.443831186413796
1949,45.3305490900795,16.232852337509325,0.0,20.23534028593197
1950,0.5909824727113757,11.3863396538306,36.94003521122873,20.460408242250523
1951,18.035108161016442,33.21282974063396,32.117808604204676,32.40654691245456
1952,0.0,29.734199227599078,0.0,17.191418772808664
1953,22.060271455173552,24.680084623907415,37.266054484081884,15.761621847922685
1954,27.969251834748796,12.833068737459302,0,18.592449101888693
1955,15.95578250068907,24.13069670392341,43.38317725597306,15.780885795230187
1956,0.0,0,0,24.805533438055466
1957,17.17501156755535,11.354641220447359,0.0,24.15470190708835
1958,11.727107493666296,26.74748393655383,0,16.88706874238117
1959,0.0,25.527944401138367,0.0,16.4781585291389
1960,0.0,13.30443159819586,0.0,15.146421035756475
1961,46.27520620168093,8.355391578476066,20.267886532725218,15.09333121505831
1962,24.49644482320493,0.0,37.87248393859502,25.060798818666477
1963,11.240535554327046,0,52.883289892762676,22.93092553167371
1964,0.0,12.950450899306965,29.920637767776345,19.57759300729329
1965,41.859639694292476,0,57.66050506146251,18.133702519128924
1966,0.0,51.75501272219494,45.46001800022924,20.710726555155194
1967,0.0,47.48822426763556,47.33602709681472,25.577841969315916
1968,0.0,17.147950773812358,0,14.731804166728361
1969,48.0352987595065,25.380653095788553,23.386246930870715,22.11136089671666
1970,0.0,0,43.00461750665747,36.26275702351817
1971,7.673932554757879,31.0561323868459,53.43172855433419,20.86799827182393
1972,0.0,6.434344372389292,0,38.48714806445956
1973,0.0,9.516030558440274,63.91956527732377,29.4615977566718
1974,0.0,9.011093991534,50.726306356484415,28.092489041588014
1975,38.080934207605374,9.896142111161108,21.569953792537497,19.269164914346625
1976,0.0,17.280752178474152,26.981025500198115,16.466702992007647
1977,0.0,6.739276180956189,77.7567257163528,32.53671178222695
1978,0.0,16.507240657740603,57.17222796600489,18.140385173341627
1979,0.0,59.77568449746419,29.872733927597316,19.0815454112358
1980,12.628015472932194,8.797516744314992,0.0,6.813847786428163
1981,0.0,12.178135072815389,30.824252267085956,23.436028392405216
1982,28.943797564000455,21.517165151598185,0.0,23.36547088218373
1983,12.095236913299289,12.624356615380043,26.67226646401174,20.254872394894257
1984,0.0,25.50338288558152,0.0,26.09556910228712
1985,18.76537754825056,8.356484834911432,0.0,20.99736468194639
1986,8.334149732420615,0,24.63286102105254,31.144513734265082
1987,0.0,10.19250849820807,0,29.657075300988634
1988,8.748610303322321,11.302008333436229,55.07414402625933,26.827231759901906
1989,0.0,28.07533918709738,24.327803739823185,35.245513717862096
1990,0.0,50.71338258019985,40.88684013719753,12.626064196399824
1991,38.96047716765219,18.27733690781025,0.0,29.610908418649796
1992,18.59559299018216,15.85031150826982,39.02437468530892,36.56954039530488
1993,0.0,47.915141739649975,33.85745758169409,24.250646011297306
1994,0.0,8.843015420077192,49.293786298630266,17.380282247258467
1995,0,5.809306456071066,32.96976481856518,24.830989177330213
1996,29.96553043561711,23.66118192733031,25.193952843512907,30.418104468987703
1997,0.0,0,0,18.92782900086485
1998,0,19.55868633058331,33.30277439973446,24.715943749471776
1999,22.18768875833227,34.62667384019514,0.0,11.674159020393635
2000,0.0,34.42118927382275,0,30.328631282241552
2001,53.73740176846347,23.55950808247607,0.0,23.43989982926509
2002,0.0,38.965219314808756,0.0,20.37808598555937
2003,0.0,21.92690107593817,32.19799942993257,38.89200337884902
2004,0.0,50.300249725367316,38.50859363858462,14.081026756750983
2005,14.970494463511487,12.883283958809605,25.729270376382097,3.9749147619650946
2006,11.515408415737191,18.78638964931973,29.09196093005926,4.653532569102579
2007,0.0,9.051410753914237,31.939042210095838,21.886613534121043
2008,8.633179901099854,11.799753078890875,24.488795668370912,26.21464073094435
2009,0.0,9.107246710920593,0,14.602071669100736
2010,0.0,0,50.523839203137584,16.042096515835063
2011,0.0,18.973788303573535,0.0,22.09691293484088
2012,0.0,21.901367904442136,52.4235348287408,18.91868630774392
2013,14.960869331438307,18.470332914212957,24.32845696590431,26.533027134326137
2014,0.0,26.763286615555938,29.73056553083643,31.951602090602357
2015,27.31799981939985,15.42078505748815,24.748982406324355,12.804314593338999
2016,23.700585043727916,0.0,0,14.629625213503363
2017,0.0,23.322353808741795,47.15323219545954,18.592087695337895
2018,0,19.400385736737988,55.629474687807324,11.579643505050328
2019,19.325589249847905,24.96019667700603,0.0,26.944686404838453
2020,0,21.22014943638127,19.54591997895582,21.801963891174523
2021,0.0,22.613573665311684,0,25.766194985762706
2022,0,9.097080532157067,56.63432399875325,20.01250901395928
2023,17.097605084738735,8.576877315151195,28.929959017004418,31.799299162759333
2024,0.0,0,49.97787460668534,28.93373242342081
2025,7.541410568951477,10.146881569535362,31.31892254886846,36.56831874861905
2026,0,13.289745445688702,48.10801228787063,18.31898767308068
2027,14.039416826340185,8.745944105763405,0.0,13.627577836252804
2028,0,23.158690217186045,29.532159887979944,15.172868889639147
2029,0.0,12.518281522576368,36.3242968145292,22.24738047633054
2030,0,34.622759992583674,49.69275750432534,47.33634862424907
2031,0,22.966671787353842,22.07548195490877,20.388601971401524
2032,16.062272994700475,29.64383069838251,24.72977590324698,19.91857198574973
2033,0.0,17.781330496199395,0.0,24.014636873734585
2034,0.0,34.359854047780665,30.956217639013246,21.372667024476392
2035,27.317747381141043,14.110904923074145,33.597250327735246,22.420773350351585
2036,45.52434950620377,10.360313708595717,0,26.694409123206167
2037,0.0,20.434012579240612,0.0,25.486350420310487
2038,0.0,9.617792617648758,15.718484789464327,19.077307106364657
2039,0.0,17.367424773739717,29.41281337748649,19.694537042395325
2040,0.0,0,0,26.79910481254861
2041,27.73173537874108,11.026814057033665,0,20.78502372472526
2042,0.0,11.303026679937568,0.0,10.472754593287384
2043,0.0,15.601977072044523,53.00733092397647,22.618891397476045
2044,0.0,0,0.0,24.361237130959307
2045,0.0,9.229093197068215,37.256465695619404,27.557097086817322
2046,40.17308585114993,10.15113972706487,27.273017447373896,24.50212428759584
2047,0.0,15.356829806076096,29.73054016749015,27.9294075932741
2048,0,22.38827465075506,21.26218764124228,14.155287507856839
2049,0.0,8.996826559215817,36.79969213101983,34.681721086045016
2050,0,27.936527820274286,0.0,14.893794112214579
2051,1.8262945396476862,0,0.0,22.313162213892856
2052,0.0,15.745624662543648,36.95040250414205,15.538336816758521
2053,0,34.44625750474466,0.0,18.96969963902586
2054,0.0,19.986380327805442,45.25446104556074,23.504555168756212
2055,0,20.520173109705123,22.734463076385985,22.633834712990776
2056,0.0,31.594615735875355,25.980903071061146,34.19427992586837
2057,0.0,13.26416647816337,35.9705919626765,2.6880245687994857
2058,0.0,24.970168448672702,0.0,32.92285389961289
2059,24.99037081663263,10.473207785910313,0.0,26.538336797355868
2060,0.0,0,0.0,69.75562960157697
2061,0.0,10.44104677668961,34.385860599966726,35.02726300362986
2062,37.40535245683919,23.70347706920432,0.0,21.729443424227306
2063,49.424228650659984,0,27.401664468988923,24.19543847974317
2064,3.1070520534102295,13.795468970319432,0,20.330088646306688
2065,0.0,0,22.29847142984529,33.963508218668565
2066,40.65628504557223,0,0.0,15.01846379616208
2067,0.0,16.968299927612023,22.405032146786056,18.201761262162986
2068,0,41.55186166979365,0.0,19.01743643375925
2069,23.5122694316042,19.82892599747678,51.32698294640393,33.8021062724845
2070,0.0,11.505974797459718,0.0,0.9140428269592713
2071,18.966699998263945,25.11135483216706,19.50529442144373,22.567962302603316
2072,0,0,41.64652671923498,23.130381307428486
2073,50.07403186843752,11.068669202183685,0.0,24.631111668162042
2074,0.0,16.933297003189995,46.75143562507048,33.199032396632035
2075,0.0,11.273551343322781,60.163085325203994,22.003029029607923
2076,6.0373855856592,9.776888051818219,0.0,21.930128744423083
2077,0.0,12.303678628424123,24.136063233077287,28.736533137802766
2078,18.140076224415118,20.157335978464243,0,22.418130050027628
2079,0.0,12.197492197651071,0,22.3480627097562
2080,0.0,0,0.0,25.44487077181309
2081,0.0,10.908615259296832,30.490596666134323,35.144471146576144
2082,0.0,9.006436408180619,0.0,17.259697392701597
2083,1.0373668144083255,32.46051952928299,0.0,23.313613767612825
2084,17.665492409897695,17.3389830986548,40.826625582038794,24.380131808209203
2085,0.0,7.701545825321528,0.0,23.06513027690885
2086,0.0,18.6882315946162,31.86337061947141,29.416049496245286
2087,26.62638230719298,0,53.11515419249218,21.388886770892174
2088,0.0,16.757840619662208,40.78287615504873,21.345209850455632
2089,10.987165531176393,10.520573336982402,43.003363946896016,23.120812775222646
2090,45.36535088547351,14.043675977838301,0,15.095823204008315
2091,27.66559974128531,17.96741195179798,45.451297290350084,31.12128442862018
2092,6.230791305969564,19.109803415210816,0.0,42.83882037841454
2093,40.08736654080867,35.89276472243758,47.59432502851629,38.983459849543706
2094,0.0,20.41142805592386,0,24.91893044018269
2095,0.0,15.33372138269613,25.344340281452588,32.44762955553275
2096,32.8395752879504,7.872917014189664,30.396120758393664,28.081363371638993
2097,0.0,12.161833911647578,28.97135426456579,17.808291206115296
2098,47.5356662796944,8.769637857494732,12.837008909484013,13.066602285541682
2099,31.92922342878722,39.190199576041465,37.36494240887466,25.220139260555943
2100,32.61599593042597,26.83599747083928,0.0,16.66271391486599
2101,0.0,8.098584168663944,0.0,21.863011172779068
2102,0.0,26.355951854389392,56.9044142382822,10.239412059510911
2103,5.202465782576811,19.4450548895813,39.71744438295958,37.33601971020389
2104,0.0,27.671510522918336,27.33377453977422,20.295344880362556
2105,0.0,44.05234902941523,41.34726301036362,24.113178155639922
2106,27.6509000678977,14.103619667545871,0.0,25.895382023431306
2107,0.0,8.468435791402436,43.14457801294976,29.239061704175562
2108,0.0,0,0,28.644399440410982
2109,25.862349019678568,39.760773261399194,35.15101392630972,24.38068949894562
2110,27.811582887088278,34.637761909288145,36.21193579290387,35.83002592640665
2111,0.0,0.0,0,18.791797983056092
2112,0.0,8.969069395561206,29.156769066398372,16.545955402180358
2113,0.0,32.497122213202864,38.95109931717636,27.521068460157494
2114,30.306117731027534,20.650253219240554,0.0,14.773782744168773
2115,0,47.241867242031695,28.479488483334922,22.133018254642554
2116,0.0,37.33975706244393,24.449207969948926,22.93818124299756
2117,17.508839916402906,26.642199302502764,30.62641885157827,20.653287045245342
2118,20.140282246462125,18.31276377034993,0.0,34.986255975621795
2119,22.983836208153956,7.452203439895602,0.0,22.86707421744182
2120,0.0,24.71718415950038,40.981521771810975,33.31113008284711
2121,0.0,13.68842240600494,39.662167541867944,20.2847134081694
2122,0.0,6.788628503262229,0,17.02306379954133
2123,0.0,9.778659630576364,0.0,9.197069141687424
2124,0.0,21.749791475387262,0.0,20.25048530137733
2125,0,25.00804136484189,0.0,30.29403776248215
2126,21.719180329067814,7.624277363762888,28.25354697156871,23.109673067654192
2127,29.666040517657688,26.151526640615213,27.15803614331491,25.290323572745944
2128,20.204553759060566,24.475894748642734,33.45022632910428,23.70299842948474
2129,25.964738505884423,14.860417222889222,54.585833350710345,28.118902077574727
2130,26.902480505899018,18.6620602928971,42.17110793825333,39.91340240324657
2131,17.505940019743704,11.80235541580507,57.17800061888409,23.904662686401842
2132,0.0,10.633946010074018,0.0,17.88117813317216
2133,9.036312314677026,7.435761848973259,41.79983748004338,22.623372241242098
2134,0.0,19.88956224526493,21.715419651136006,32.87587807499307
2135,28.49997728858738,18.69408640326613,0.0,20.57931131380002
2136,35.027580635968604,29.27827358920735,0.0,22.496349049748055
2137,35.50887340893922,54.97837050134732,25.61822434980116,20.4761320299837
2138,6.462053998900338,27.26366542088895,0.0,21.459905527607532
2139,0.0,23.53660479096325,0.0,21.374420276097805
2140,12.382415925727667,25.86268433089455,0.0,37.39412203166287
2141,0.0,32.39471167796815,40.962888618535764,18.280420460339194
2142,0.0,9.51249938879349,0,35.53841117530587
2143,0,41.592888977593006,0.0,19.89489269595251
2144,0.0,0,0,29.271543669212083
2145,0,7.864935609344855,35.00618618116164,17.88953512360453
2146,0,11.647279482027352,48.02193858792286,29.537869840281815
2147,0.0,11.291567396024933,55.499841825317226,27.856697783924282
2148,12.69376079157925,11.484911643812655,51.80756697634755,20.59873418053067
2149,0,11.27399280033193,38.55282957416713,28.926345337961962
2150,11.709195423510621,11.350019730250985,43.221864779318544,34.91193926645018
2151,15.101587438058251,9.439690817991986,27.50759577455564,18.49529391534485
2152,0.0,12.423648892080058,42.25513400629963,28.4719394254422
2153,0,29.888464970001298,51.16750148572586,27.462632055964026
2154,47.916787667039614,13.264262074152406,36.39838590309998,15.113679703133144
2155,7.0654556431462865,17.16870389038973,0,26.615474701177014
2156,24.591574337948618,39.80258342673332,25.700250696699833,30.437932358503154
2157,0.0,18.967171791361196,49.73550438050615,31.83658828170214
2158,5.520707898997134,32.45298400863697,0,35.23032679604618
2159,20.684968366410434,25.530962325532112,37.53562047695178,19.86647982863226
2160,0.0,27.298677631427136,40.3720489376231,20.90923818192784
2161,0.0,10.486965435777345,40.71575574913217,30.7184278459095
2162,0.0,0,41.83045291499532,26.79207180952668
2163,11.395888103686616,16.610082504803923,0.0,20.270067979808847
2164,0,15.678499918679702,39.22128315103008,24.819530510748148
2165,0.0,12.157995134096346,0,21.306820489444632
2166,25.14135032163823,40.20539580634674,0.0,37.235896121862396
2167,0.0,9.377179780588815,34.359030597387424,27.370520472225667
2168,0,14.245862625646016,43.73378175060873,33.797463270956975
2169,28.118208823371443,0,48.015936413685594,38.5112140643037
2170,0,9.678106793286457,0.0,17.35534291741071
2171,0.0,20.10805174844083,0.0,24.324191792635858
2172,4.980462754803419,12.905001904593794,0.0,20.09457108903625
2173,5.2748596417519495,10.71003314077577,0.0,13.812735145735466
2174,37.533724918762914,13.482871663235642,26.317048354087134,31.498299354397478
2175,17.921010442535223,29.749872862229296,32.45334648200153,23.47525250143201
2176,13.721045975950808,36.16104758057715,0,15.993741725660422
2177,31.77280327168676,16.465316028845177,25.65264210211425,28.050644075579687
2178,21.067175905189686,29.781442140350215,0.0,27.978485429237878
2179,24.860784826769446,10.862043143478184,23.75970037739572,21.53534767905406
2180,0.0,17.438963324367986,59.710313155510036,22.052525608180837
2181,29.105003416337148,9.888813009151818,31.562877208727677,33.63332648589696
2182,0,6.734312903980155,45.581560691032095,16.950538483505667
2183,0.0,27.408243818153508,25.108158123590062,26.383827301856297
2184,0.0,9.680488657306295,0.0,29.90670603646556
2185,30.327260720672033,49.18465641279574,30.752152378906434,24.614176746034165
2186,21.7380173383084,11.793603200331352,55.540259598236844,29.905365140733895
2187,0.6521288498280892,20.37607857649913,0.0,10.704296498742194
2188,14.693394953372461,38.128820948838744,26.842232609935078,32.13461251752356
2189,0,0.0,49.17867153311779,33.26494619603074
2190,0.0,7.642860288031066,26.406347049000484,31.944927679943046
2191,9.860112847459781,10.707385476883106,0,23.158166517942465
2192,13.700989862921233,28.719331324917412,53.985839023162356,16.066960162577875
2193,35.9833483776149,10.132313582161594,32.45215767776262,17.25979857503213
2194,50.35803691922386,0.0,0.0,18.859694162366164
2195,17.56267954130817,22.918811525146747,27.62065117412635,34.670994164912024
2196,0.0,0,0.0,23.242730349769165
2197,0,8.971237607204907,35.62146050900065,21.62899881481403
2198,53.62478849421443,13.322279243437443,37.731537051814065,19.542820676781684
2199,43.01287262906875,0,0,20.073672038733612
2200,0.0,16.960805685960903,47.38800529081387,32.327649214157
2201,25.55505086092557,14.162493819626894,54.43266504321998,23.943117981189715
2202,38.10338313152773,10.151576524941758,38.52544503503666,21.264675198685534
2203,5.8481447897015455,0,65.33406882751443,24.426214025241975
2204,4.321387173974001,14.770955198263964,20.417880227977907,32.41394482627613
2205,0.0,21.5794447186366,34.71470296551818,16.399726318992656
2206,0,42.575635668443205,68.77877210211737,24.140084830931013
2207,18.829506632418465,9.466294507442948,0,35.163400694827004
2208,0.0,0,0,22.075748450873512
2209,28.340960152161248,30.261445980612837,53.759505682226695,24.6781810380372
2210,0.0,30.277394840123943,0.0,24.35360946942799
2211,20.178044526477468,17.775513149250877,0.0,30.180392221934188
2212,0.0,36.55329201098892,40.07726588964611,18.266865606706432
2213,0,10.395719074937569,35.89878451683497,18.018890233338198
2214,0,42.375905195730155,41.48208960467705,22.292854273310937
2215,0.0,0,23.20244894635148,17.836126769300456
2216,0.0,0,51.790471741403074,25.61219075522389
2217,0.0,18.356742138018404,24.45418879970508,25.85862201729907
2218,0.0,31.412034283081866,32.23237067497579,22.278831028823802
2219,0.0,26.7445167839088,35.700299842915435,26.884015605922883
2220,0.0,35.771129252935324,0.0,34.151846395069555
2221,36.6710293032071,15.45763935384455,29.885927303154844,18.74515324076581
2222,2.8289290892334535,0,29.671531671020773,22.142960598819588
2223,0,0,23.413042028829505,25.0011867396881
2224,0.0,22.823390678861276,29.372957270266653,20.992367999421315
2225,0.0,46.93216980022503,35.679756219905755,30.77858473435828
2226,0.0,48.273673904515356,28.123028113413774,28.964227178034776
2227,0.0,27.95255374127889,52.846625500299524,21.47418630650954
2228,4.917090637772971,7.696200779608145,33.47340685296117,24.54549719204711
2229,0.0,28.99395060281776,37.401103673587436,31.74480533368497
2230,0.0,0,0.0,27.295050760434304
2231,28.095505738467246,17.6757425613551,40.78292266732954,36.71603916159863
2232,0.0,11.110255704909003,49.03805992992618,25.65340063990485
2233,0.0,35.035093442157695,39.81363684328958,23.521271312697667
2234,0.0,29.97022268977777,27.188604606315206,17.4833386054772
2235,37.49376020556257,0,0,19.306555603398063
2236,32.48973983398892,28.254969359758967,0.0,18.168470721498082
2237,0,0,0.0,24.94459943640007
2238,0,32.68861575705463,0.0,31.62888573554074
2239,0.0,34.947043944271364,0.0,30.133107717712853
2240,19.73193326076661,17.847075985814122,0.0,19.995482272885923
2241,0,11.456464746684722,22.063153690606416,17.608179876345666
2242,0.0,0.0,0.0,22.588343301904917
2243,0.0,27.43643077681804,58.08561278020303,23.775359434993728
2244,0.0,0,29.081059326051218,31.749718447381415
2245,17.374593876734746,0,31.12513797104159,32.307877414731216
2246,0,50.43117058803264,33.33321719744202,27.065953086713936
2247,0.0,10.143925961458445,44.24127638131677,19.457343062318593
2248,27.798219321458358,45.841185977140725,36.123530682884784,27.054770884563016
2249,45.40803556148942,21.530402168771406,0.0,35.67425589458571
2250,20.31675457550512,32.702246950360234,45.83196121023182,27.03431215370677
2251,27.77455413543721,0,0,28.086986511678617
2252,0,37.053566264123724,34.693350212118396,28.51582553619482
2253,3.3294237838373193,12.454982842554902,58.974928759109446,31.052741342426593
2254,36.24879501167216,0,28.45323008778004,34.86881823421254
2255,0.0,15.145844099707977,36.74923987342224,30.458843728581627
2256,0.0,0,49.80376792551755,35.44025743248121
2257,24.294115900530826,28.45625609052011,0,33.658239987705954
2258,14.625124806836611,30.239529018112318,0,21.360195873293616
2259,20.019896091698733,8.09130506029064,30.85394962694665,17.05700127732899
2260,0,11.06644781322156,0.0,25.983260611493254
2261,0.0,31.269838661317927,0.0,19.401575722952487
2262,0.0,39.68897061420048,43.35770622041824,19.940811920028
2263,0,0,35.39046583659812,17.844511771874718
2264,0.0,18.028185028657564,61.76034494874686,15.4192723274186
2265,0.0,11.358500920554588,0.0,31.877944857501227
2266,9.629454393662131,13.744104202176917,46.146178642565935,19.365749393675884
2267,0.0,13.105812567548682,0,18.966383059877
2268,56.458169062026286,21.393635121975304,34.72118976832551,19.132622333936354
2269,0.0,8.940632079245502,30.858620247624806,26.235128755093946
2270,6.724014635485983,25.348840685080354,43.50180556232385,21.38127265956747
2271,41.48551819823495,16.256252676441537,0.0,19.86464168803679
2272,34.16794724837648,33.59170043648983,20.4230234860698,22.408145183397504
2273,0.0,11.509720028398341,13.639676961491178,26.48439382922784
2274,0,12.408658842123451,58.18629823493403,24.435405790788746
2275,39.87441810861651,49.99853091587384,0.0,35.445597769892096
2276,26.852456376112748,8.460102545667095,0,24.371666651286912
2277,0,8.757487651749065,0.0,24.633166527617394
2278,0.0,19.979718286445355,35.45698212081305,10.625981534615411
2279,0.0,19.93763347547125,0.0,17.279384355940838
2280,0.0,19.34743285883226,50.625007217800764,29.151865940902272
2281,44.066653975278776,30.931062959006137,0,35.552598064525405
2282,13.207890584997614,28.798136747829016,0.0,21.906068408036454
2283,0.0,8.88432809744052,27.76546400838676,34.074954982916445
2284,0.0,0,38.457232020004106,35.01112449680808
2285,0.0,27.401877492007355,23.419526307881117,17.076892351302334
2286,0.0,0,18.31749304419634,33.09330224219155
2287,0.0,8.544562338296556,0.0,31.228681283486118
2288,13.376867816179605,14.226409277231838,0.0,31.93978792293624
2289,0.0,22.471996472154647,26.05401147642993,18.760611833221756
2290,30.64687689334851,0.0,30.935063676813495,27.7515925587614
2291,0.0,0,22.336837022309098,30.716427237930823
2292,0.0,15.379924984277233,52.06788196260524,33.583283847774354
2293,0.0,13.143867552619442,52.67430551396437,22.223557311249955
2294,0,9.520467604642178,35.48797211330941,27.16546026398407
2295,42.82290889835282,39.27655481748464,49.57026223797114,20.51834590819059
2296,0.0,0.0,22.6792321578886,25.451407012786593
2297,0,37.571392452354445,0,13.204500451605034
2298,0,10.229251629995709,27.082290837423315,39.62204187754591
2299,0.0,12.937309514212382,0.0,26.129072489878045
2300,45.80326883884857,13.028061799449272,37.88892331998929,29.827768703671985
2301,0.0,9.890826200192313,0.0,29.47604635904193
2302,0,18.45233606530315,0.0,21.50070399245622
2303,0.0,21.934304023748467,38.5013878823353,27.807903053958892
2304,71.29456302527026,24.451552185705765,28.06768983346693,23.32314981267272
2305,26.080799700540002,0,0.0,14.54230300108991
2306,37.32767529103328,17.16836828245307,30.971654032899874,18.387402199768772
2307,0.0,33.578564208913015,25.440529155759474,25.674672633610047
2308,7.1119854199614,0,45.7642486890458,18.972435762203336
2309,0.0,0,0,18.711248399371307
2310,11.640539408894297,15.007088098159228,31.663104410934196,24.12470757089985
2311,0,17.518042680983786,0.0,17.184020036412605
2312,0.0,10.64781145743179,0,28.981619733060132
2313,20.028722873338843,15.142258576407148,0,26.225591435594538
2314,0.0,8.925354328721136,38.8777491049297,22.67223590149539
2315,18.036663642291874,13.336319133817364,0.0,18.589768480515566
2316,0,17.719464260500533,49.39353707976412,19.083548882234073
2317,0.0,12.11970590364419,26.64037371621232,25.261379380075255
2318,17.84669793327006,0,0,23.231525596703964
2319,0.0,10.302428171851776,27.171034126806802,16.38126993699957
2320,0.0,10.112512690242127,45.86691511392783,22.371818446540413
2321,0.0,33.68928524569368,44.97192653009527,39.19123580843787
2322,0.0,43.607027985141414,32.305239699100696,19.911834551127058
2323,14.681423534385841,20.751096863331668,33.50698985140797,26.55587826311308
2324,9.024782838340112,9.942815890259503,50.80668331063055,13.629972072583945
2325,49.370765014813884,0,60.083115550197405,21.050684460371166
2326,30.63248305637572,45.60689031746139,21.300272209823728,15.254836565064306
2327,0,25.258544485421044,0.0,19.495381199600605
2328,0.0,0,59.32742701021166,16.27238673135116
2329,5.954078409471569,0,47.36701666925827,25.868819211882727
2330,43.3417212167893,0,30.280888985028483,21.85097783961139
2331,0.0,21.651184532818874,0.0,14.475084462655378
2332,15.873156730853884,23.293966401251204,55.159555185493765,22.74906065437326
2333,0.0,17.170282902317922,30.50390016419528,26.94966782830504
2334,17.906421632053497,0,43.598226236715426,12.145978254769323
2335,0.0,32.882720091214715,24.326565009162415,19.973383097806433
2336,43.60355972712872,7.488362611826724,0,19.530480214490314
2337,36.05622703755269,15.733022298578451,44.42952774786919,18.644803728852022
2338,0.0,17.587000463097027,19.878354772851424,21.361598329892608
2339,0.0,10.034192311118765,41.218378523739666,13.611853258942443
2340,0.0,18.8324296890257,46.225174378553234,30.031296713193854
2341,0.0,13.23014903790856,37.16950284779301,8.729329053646195
2342,0.0,41.502542539965646,0.0,8.784430779154539
2343,0.0,40.929140868333135,2.0694029573730033,23.331063092850535
2344,0.0,11.289626114286,36.99976211343861,20.423001288261762
2345,0.0,9.416376136420826,32.14810049730295,8.70812791075268
2346,4.919344303992571,0,34.36577142102285,18.59288286829854
2347,32.72532582129278,20.082435841040628,54.33845112690338,25.77414982381754
2348,12.357966709403483,19.291584668888245,0.0,14.697708824446934
2349,0,13.266152653750998,25.652924793183995,29.20622446869599
2350,20.069511021694034,11.173827666952123,24.70802084625296,21.658861782018175
2351,30.87224364795223,14.079599859195294,32.9466895919094,22.432423524142234
2352,33.328531204678804,12.846795935752901,40.6377047744112,22.178700185989605
2353,0.0,0.0,0.0,21.505714718334684
2354,21.07069682597231,18.25401059433755,30.896256895359944,23.826145829099342
2355,11.665078695937135,0,0,22.806983732884227
2356,8.90312919553236,0,27.233709469678214,24.41768523749314
2357,41.55738036702876,24.220707487734572,47.60985005852597,33.133746870594734
2358,0.0,6.967043877856806,40.616676688373616,28.933758620765094
2359,0.0,13.596881093422851,0.0,15.68537245862026
2360,0.0,18.413069676447684,0.0,21.192737078802633
2361,0.0,10.004853400100552,56.10171490063456,29.93302790712661
2362,0,0,22.28701094661286,18.6388575033964
2363,0.0,8.778456867631482,34.318536104046466,18.574580548788468
2364,0.0,11.83294167386159,30.221646319113635,30.110462273852676
2365,12.442988618924161,21.772988610630705,27.319224945063574,29.360025066596823
2366,33.86656593241843,23.17501193783366,43.64558317253069,29.40093788079064
2367,2.937876737714403,21.495248498288785,34.33215517555531,23.002983371743046
2368,23.908271333513586,36.255709901131375,36.15753334047329,19.837250873333147
2369,0.0,17.21129234497922,0,22.65643969277634
2370,14.34462203126369,7.227674795282094,0.0,10.807974299323037
2371,27.53482314325692,22.848972491844076,0,20.77253725385363
2372,21.593770462294902,30.371166861063863,65.79938275095422,28.89066810932978
2373,0.0,10.790394722551428,24.46668646082249,43.09066414274931
2374,0,7.485233955965875,35.66426141680795,26.597161985718152
2375,2.747140806341104,30.21090162179513,23.15269030939747,13.595078796897495
2376,0.0,6.38446280913164,38.68441264836073,24.634960327097307
2377,0,12.520063778770005,44.043945696030754,13.197041875774405
2378,49.11796677399988,46.96988758857225,0.0,20.160849827716056
2379,18.283096403478407,46.62213793140661,38.21299164189363,24.098374415136657
2380,0.0,19.695099244220778,31.356373481685573,20.01701164400474
2381,0.0,16.76966156173275,31.942475552014653,28.438243309547335
2382,47.64429508554299,0,28.589707365149984,27.811662725230672
2383,0.0,21.30525487362604,0.0,15.06511316682789
2384,0,32.88366989281751,38.55313896516762,24.768262297300403
2385,32.30768266439665,9.87253581252478,0.0,11.471722806454142
2386,0,31.735669658410433,0.0,31.35203298540166
2387,0.0,0,0.0,20.03701570448522
2388,0.0,23.555059316738934,61.27763657942402,28.558329427160384
2389,40.548139884182724,0,40.60845382515545,26.190210867342806
2390,0.0,37.57850516234874,51.53531126750905,23.14658335292438
2391,31.024635906086797,22.782244203378923,32.990274651522455,9.534019604238212
2392,35.538415368125584,37.71428485618568,47.647684269429156,27.15116147549446
2393,23.119207538951702,14.230163462875652,25.471339575171257,25.292880677466275
2394,30.09424592381334,21.33600117115489,31.490436213067877,26.21184304489295
2395,9.26398802964056,20.6109320482119,0.0,40.5873009443144
2396,0.0,13.411505532279953,0.0,29.068034528332632
2397,0.0,29.55925300110501,0,15.194709795854955
2398,26.401240029065445,14.153532747948702,49.06335356232646,26.669818295667813
2399,30.474472424138373,31.729924037850896,59.38317921683431,31.13070492673937
2400,14.238383096872182,14.747049479900989,35.22306359763996,30.615548815345665
2401,23.973949198437747,0.0,26.11716005476027,26.702865779947892
2402,13.480426230420667,18.245803436332817,0.0,25.255244199615124
2403,35.00409539368266,6.773020575310598,0.0,29.194976002687714
2404,0.0,13.190788875182495,22.335044361027023,22.256434401549946
2405,0.0,12.384329126382784,31.062145357629234,25.713464039401575
2406,0.0,16.91675909769163,0.0,21.278404719254734
2407,0.0,0,24.604866180986317,29.488093370297282
2408,4.973784934613902,31.740854651011382,21.96217992694226,26.14885495526588
2409,0.0,9.177259501234486,32.38527820113185,19.491142335931276
2410,24.589544854340602,0,41.74325756209911,35.9367314177449
2411,0.0,8.345118103990933,0.0,22.951496303399804
2412,32.73612693866618,16.710400782097704,0,23.14376006540859
2413,0.0,17.736279921978777,0.0,37.76581146622311
2414,0.0,27.064903019209787,26.288805888651833,25.25187973463049
2415,30.242297454514205,6.07651334164717,36.79558018564033,24.29512017854272
2416,44.36517372312736,7.579522794343243,23.654562030303346,22.64899153245231
2417,22.747733181335633,23.181960669389547,0,30.973517714639378
2418,12.425178240887965,0,0.0,22.673526724247385
2419,0.0,7.19965812376742,0,24.044475366367827
2420,0.0,51.7964552090986,0.0,25.771487368169108
2421,17.720935892406178,15.421738936446165,0.0,28.640953162972593
2422,0.0,10.421824178035793,27.286508812525653,17.80685595345436
2423,39.02403344626345,7.315380385907094,42.03270303100468,38.782000008744674
2424,18.960964152925282,30.013931098381967,27.24568770475417,22.37488432530374
2425,21.98501985266376,21.681484634608886,23.71030297723022,27.389899348868887
2426,46.33655712967727,28.483235566238182,40.227840028940534,15.997927729803333
2427,36.746767718878964,9.604333897646658,55.70051526987316,24.589830262105302
2428,48.19092674137882,24.80946975661534,0.0,20.840574851895354
2429,0.0,19.088866910871978,0.0,18.59879984834894
2430,0,0,48.043045185892296,35.15998963280149
2431,0,35.80003820886889,0.0,21.48546267927598
2432,0.0,11.594257082334966,41.33487235026653,15.674543066665402
2433,21.50231832334476,9.7620507897958,0.0,26.76937633454382
2434,0.0,38.99936887993308,0.0,28.90049916630374
2435,0.0,14.957623904170076,0.0,24.60767522033745
2436,0.0,0.0,56.658197007502814,17.630616953659086
2437,0.0,9.359668494163255,0.0,23.332485887032817
2438,28.129545410234545,13.595135500870352,0.0,32.261269797272874
2439,0.0,20.526104942368562,49.25046895291181,1.0601506546625323
2440,0.0,31.99718518263377,0,21.677163807578946
2441,8.028763504220306,0.0,32.684698898896976,14.498399081797785
2442,0.0,34.09680982544415,33.019066017873115,17.190264421221123
2443,42.63126939202081,0,30.211178444954225,31.152235896870295
2444,30.464821171352114,32.83020224802877,42.638943651099595,28.769893342182147
2445,46.21668710044595,39.80180150411161,0.0,18.569061728494912
2446,0.0,22.65066396393646,0.0,17.52737723375498
2447,10.943779695669875,9.087792569068673,0,13.613873542823717
2448,32.93614387261461,8.856044016930264,73.06726080074395,30.044887347562284
2449,18.43622379469838,0.0,24.866430479054884,22.99742240622062
2450,36.409616281644446,14.859519259678343,29.83749313509316,21.115490341870117
2451,36.96509068842991,10.767246064811525,35.30554057256093,22.71648156169684
2452,13.237995294288817,19.610080913843245,0.0,25.126500010417523
2453,49.5778405194882,11.347570284044435,36.797193305291344,23.870185013907562
2454,19.807152021400178,0,0.0,25.35386423434159
2455,0.0,38.34873950240202,39.525787798000415,15.32415866323532
2456,0.0,0,0.0,12.995066208620708
2457,5.041314083735107,49.319229339096175,27.389252006021792,32.730396128029845
2458,40.8582916114037,17.836736877635918,37.22161788378486,35.346293075894906
2459,3.8347954940339357,39.25300437926596,58.934444800452304,21.839242251865393
2460,63.115595559177045,33.43395858422025,25.449735500911054,31.264014989517047
2461,0,10.120831031082183,0,23.62822255612031
2462,0.0,0,40.84909782668502,12.06093894882
2463,0.0,24.893951516322602,0,34.534354916489875
2464,0.0,25.991668062893844,47.13843217907593,33.91141119975854
2465,0,6.9557743808462895,0.0,24.75230900110483
2466,10.982125149307922,21.411144310894876,60.69276004433816,20.785915959611607
2467,5.683542408199234,13.46751363250602,44.96245422562443,22.139194116525662
2468,0.0,0,0.0,28.084414020692325
2469,0.0,7.855734560993833,0.0,18.402517251184154
2470,41.07189799196931,15.281620129615222,53.876270530863145,26.536840107232425
2471,0.0,0,30.49754395407713,15.671795595895261
2472,31.96516423061603,16.132523562429373,53.14562460961302,25.99096153211608
2473,28.34085485398109,8.741687377755724,32.17136799243455,28.08199614513622
2474,28.80699008599668,17.86678825569054,43.253685903378155,16.203012411767933
2475,23.680836652305427,0,0.0,26.64510312168523
2476,0.0,9.667439983943575,0.0,18.854310173630868
2477,0.0,23.709344493167453,37.70040129040116,22.772301211288823
2478,50.8221285963364,0,0,18.999028255740114
2479,0.0,22.394475560512955,25.932366039489864,28.024380351271486
2480,0.0,19.33614683715508,21.37884630229433,17.897290516292436
2481,57.25500768891997,25.20156245135129,43.14166888021905,23.771578082024032
2482,0.0,8.42659964915634,0.0,25.336401511510445
2483,0.0,0,49.36307930856166,21.512545381136245
2484,0.0,21.792147722949878,0.0,46.35625748544415
2485,0.0,7.866136170325844,56.359516588051434,14.175738859186742
2486,0.0,23.162352489031555,0.0,9.036128029345347
2487,51.49193550447392,9.143823916855304,28.829857255797148,26.04164656875131
2488,0.0,18.37561570473924,0,30.116489612231724
2489,2.14111939951344,8.340924508857418,71.69706001718687,28.18875395737784
2490,0.0,10.254231561304445,22.927894379246705,37.97585575427196
2491,0.0,0,46.707395889512846,16.202631984350376
2492,0.0,36.46391574169981,59.63001374843535,19.16532915440155
2493,24.24945886324904,0,56.723219652891025,30.493172001390626
2494,49.167211827907565,25.54790040859639,0.0,15.933083997749163
2495,14.598473956936163,13.708320703337444,0.0,16.55955308152996
2496,0.0,11.730483841554312,39.16075974995492,15.129732789795877
2497,0,14.235603998274396,69.88500712823658,30.114033549385656
2498,0.0,10.949006876856439,28.395664880851346,16.501929569397976
2499,0.0,32.12113561594266,34.11174212774363,32.573544400980474
2500,26.529204009807003,13.326498699938034,37.22866237782103,13.470857264639157
2501,0.0,26.4374684755511,37.680136548651326,16.9000159367149
2502,32.65209321308689,54.593185230941494,35.821291193964306,27.95130178566977
2503,0.0,34.43246723203845,0,32.32926879721656
2504,0.0,13.023873491111637,37.6615452385818,29.878717985238957
2505,37.3877867898385,12.14486553923374,0.0,13.909589526274168
2506,15.175776428893467,15.176938651491684,32.58213289866598,18.591035677075137
2507,21.526697534723592,43.51361958085817,42.2839867459049,26.777245826949752
2508,0.0,23.38923509661747,26.8683714189139,22.41844991638224
2509,27.475394073753726,13.423411934876167,40.94479857890098,30.8475121862107
2510,0.0,22.431604852772555,45.01187088224041,20.719446697102725
2511,5.732012220349202,9.352409802605404,37.6608100714788,36.089655877541766
2512,0,22.44195214461023,57.98517900009734,24.583637208194812
2513,27.442722145165718,16.716999203319283,19.301931941643748,27.803042897834406
2514,29.911072855030053,33.926258609279344,0.0,23.89550981397839
2515,4.585451834195179,11.103919339011176,0.0,32.01466227130234
2516,13.57715521358912,33.20498557396908,30.05080997448764,30.48250721518232
2517,0.0,0,21.095896727779405,21.84633623045076
2518,0,7.277042085192488,0.0,29.773349032611694
2519,25.514599964883754,37.76254717635058,0,22.70246384365354
2520,16.755678496863528,8.800439987117535,0.0,23.54519922037311
2521,16.135196378408757,7.1568368471195285,39.07867981363387,25.81834948658498
2522,43.00241883443732,14.613481497595513,0.0,25.466461647723897
2523,0.0,25.917256845819175,32.762039741326525,22.203361820156875
2524,39.119294958731174,8.030340834403399,27.88601091583067,48.824393280597945
2525,0.0,0,34.12589070681537,31.001745586778487
2526,30.403755057988217,22.350376170934585,0,17.8145742843015
2527,0.0,30.28017932958859,45.14306128562119,35.39217155307744
2528,0.0,15.343601341195516,52.947707217872356,20.138778997451393
2529,27.52865001691568,31.44892059300507,0.0,19.424089616364917
2530,0.0,19.855748888997606,36.07233315778841,28.29800569216343
2531,0,10.739012707478352,0.0,14.957505869272481
2532,36.0979072927716,11.153355908032612,47.43258190865731,14.008437069335525
2533,0.0,13.265149515908478,0.0,18.08237201237119
2534,16.208981204488694,20.887176708136707,0.0,18.484480811422905
2535,0.0,0,0,20.96804004475288
2536,16.89626758739293,30.760923793066326,0.0,27.532567088418418
2537,0.0,0,21.687606365024028,23.76932008398946
2538,39.65641457374188,13.481975953677798,0.0,17.989809788154542
2539,0,15.576993740351648,65.31056431398946,19.70521168942794
2540,21.826907338380174,0.0,0,12.083602770950288
2541,10.515999788673158,6.132131673136436,48.14690455837081,8.580161610798273
2542,0.0,0,42.106684016188716,26.395077247274134
2543,49.67301192694239,28.58768243094396,40.46798613160749,31.33347926862827
2544,36.610534171707194,0.0,0.0,2.627805019687111
2545,0.0,19.28979546902518,33.865214464969,22.87670952950605
2546,18.63162476766541,14.732313237472194,49.26778737271797,21.310363428492362
2547,0.0,10.732119537054505,0.0,23.363839362636202
2548,28.254277833336655,10.241947977820406,71.05194738929848,28.33675813703891
2549,0.0,11.000049567517221,27.023482321509444,20.072591565534367
2550,21.554250898200827,8.191199463933822,21.006877164072584,13.184420383989526
2551,0.0,8.936531655776761,0,32.77437181331786
2552,0.0,10.85855334661343,30.92652320680827,35.990288639292594
2553,0,14.474010006539682,38.26171713777488,22.967088160076695
2554,0.0,26.05535209859064,19.24964857249812,24.53191616378343
2555,19.181874655932454,11.57060365376773,22.271165322011086,19.104693300294077
2556,0.0,21.87565609954751,24.37498515528029,26.57054452734805
2557,30.397026200656402,21.571900398113044,44.622977907336875,15.53946376025947
2558,0.0,39.49477613740273,51.339437663636126,28.183252057287383
2559,0.0,38.50328687047531,0,33.33516642528151
2560,0.0,8.431926116623508,67.46103543017009,32.05306623405951
2561,28.79154251582713,12.249413781717935,24.653482884540576,32.696289395629165
2562,4.8957910426848255,10.469204537437882,0.0,15.844886654601298
2563,0,0,48.53689307595754,43.12890364182362
2564,35.49539514384073,39.03899685184581,0.0,41.028728341503935
2565,0,9.24155182644823,14.126831412769157,26.948740071937266
2566,0.0,7.264168142396717,51.1530055779833,17.48005747866015
2567,0.0,9.79587269262044,40.72277277313803,20.925065749846212
2568,43.85551367815862,16.885338798751874,44.8544982105643,26.19225043944087
2569,0.0,33.72650286285667,0.0,17.913808408284314
2570,46.844072380041816,27.916610089951714,68.99930623174909,29.71575339422795
2571,0.0,10.350744962472405,45.125330630687515,22.108843744036385
2572,0,0,42.23932111985103,8.940877692029773
2573,0.0,0.0,0,13.712299607906871
2574,30.982270425649652,29.693520048716824,29.266915842409503,31.058885216321933
2575,29.25524958065793,7.501845190447824,0.0,18.42493827523855
2576,41.843200925387485,12.306201118985719,0.0,14.0985939642011
2577,40.383464159234585,28.118412735346787,37.164748951196884,19.153219553304503
2578,22.94465041879771,40.76854245084984,49.383041287533814,29.272498833593794
2579,0.0,41.86146796143457,25.7323567810596,15.064548166936717
2580,10.064621079475971,16.989922805454526,23.21953581788738,26.176245998374647
2581,13.583321099264792,9.364557722120123,0.0,28.014900954104963
2582,21.560140908843938,0,52.85756998769862,20.436907374813394
2583,0.0,10.776344744369016,0.0,15.537431553662774
2584,0.0,7.518538320041215,0.0,15.743164956891937
2585,41.652676544301116,0,0.0,16.244337134021812
2586,0.0,22.33266886231579,16.702647422743382,10.462736635697839
2587,39.78449611018262,6.293707013840882,37.266473735777666,38.03244536145144
2588,5.647193917394669,12.063401845159833,29.62792687481777,16.22984528960883
2589,35.01348961038738,11.56087731289787,0.0,27.6426557074253
2590,24.9418435122871,28.191199415506574,55.99885116215578,20.862314489591153
2591,0,9.114814495425287,41.225571106929756,18.683388714688476
2592,0,13.68183820149692,0.0,20.87798811154251
2593,11.964515617298863,0,0.0,19.4588345084221
2594,33.160169417734856,10.771952630156228,0.0,8.297535818523738
2595,0.0,9.358834790568407,0.0,40.57965463233895
2596,0.0,23.567498276020647,23.664356157731042,26.061240827297993
2597,43.10847131775385,17.557268195023962,37.870777001166864,28.034665182725742
2598,25.01117975786822,21.841642722299625,0.0,28.19731742253125
2599,21.523542095762377,9.477101191038976,89.78940332308765,37.02869354616523
2600,30.268874102917437,16.200687696592464,32.236805996068654,25.37344995971666
2601,0.0,10.562881083897315,24.032884072456937,8.973362682666808
2602,0.0,9.76068965714408,0.0,22.55936315689128
2603,0.0,7.619349341816465,26.564570852913935,19.855072191206805
2604,15.97978532420999,13.084120802740046,0.0,22.214779441473688
2605,15.54116773760983,33.47612233404107,0.0,20.268580364605068
2606,0.0,14.898224138234953,34.48951153764757,26.264861301196486
2607,30.646996071927312,44.115062918030866,0.0,19.49385926105838
2608,0.0,22.005840493012027,23.91895664206947,15.653560106377588
2609,0,9.163374668501392,0.0,21.169052359899847
2610,0.0,18.518402286990394,40.48949945239616,29.50203030508568
2611,35.4126897273624,7.063439460410118,28.49969748042311,4.789229441751472
2612,0,12.2916701813681,39.51350874991287,21.907680890281558
2613,0.0,0,0.0,29.520166625404233
2614,0,14.281030955779134,0.0,18.857394861600383
2615,0.0,31.93507283903202,0,18.68265504804636
2616,0.0,0,49.10532733891811,33.92570505403917
2617,0.0,30.954592843236227,25.93986749872471,21.462438686436737
2618,8.244490336143905,23.605268046873654,0.0,22.63987009343281
2619,0.0,12.196664249686467,45.53532567142393,24.53262464146527
2620,0.0,32.9856360623041,29.239755697835232,25.215435045760003
2621,0.0,36.085000484469056,0.0,14.188663916879504
2622,22.422700904759562,8.048979001056184,0.0,23.07999198934116
2623,19.674395894748276,7.534515242139307,47.295594766260415,24.733996209585097
2624,26.697515611884086,5.069020736435456,39.27658938126061,33.85331032743448
2625,7.717713876570372,0,33.67146388402989,25.64726426022088
2626,0.0,0,31.839680653108246,23.39292678452678
2627,0.0,17.720416768362348,54.62484680506052,29.94042444509963
2628,14.899462530068835,12.705977308009075,43.008927973477434,16.303986303780363
2629,0,12.434818077539976,36.050235769141445,21.859214926362206
2630,14.71077683443879,10.921310371713625,27.645273629601732,22.26403340131183
2631,0.0,0,33.561036191738836,29.97553457262551
2632,21.040104445694713,29.588340533337014,29.755323885766444,35.07879894529116
2633,35.758313412019554,0,0.0,29.90926000135333
2634,0.0,19.426422617452058,29.52798068918763,20.606700084373394
2635,0.0,19.050520222115082,24.99650623998894,20.018671831108538
2636,0.0,28.093585343987137,39.17348976737491,32.752535293429176
2637,38.65944391772353,26.340385355590463,34.81087534078881,25.94037848563567
2638,0.0,9.436000156771552,0.0,14.011209558876772
2639,19.597627022823307,24.16608382665938,47.93013766310588,25.772811854138507
2640,36.7926413621556,14.459589750697381,25.57346945353962,15.61782714452885
2641,0,37.57071632185485,28.696756892101845,20.487865656379416
2642,41.872819165031906,8.649526118148339,20.1276513323413,20.585469063680094
2643,17.06483003923215,15.284672023681857,29.38632811119737,36.65463326592963
2644,29.82195804405402,20.239554535850207,46.66996331732456,21.148509519630725
2645,0.0,19.107952523392147,25.910945972527674,23.270596435440332
2646,7.94121691407699,40.401071032882975,47.52066621711291,31.04962253046724
2647,0.0,0,28.90356806344011,23.318760467038057
2648,0.0,12.155458532038892,0.0,26.41760850185772
2649,45.19190185147123,12.213854641798989,43.57307564167968,25.993173231232788
2650,0.0,11.694174266808023,0.0,13.010787572876268
2651,6.670105084449031,17.468345976247306,0.0,2.646924641299939
2652,0.0,7.108447486712412,26.198087302541403,26.253254262191454
2653,7.917029141215639,13.282317099223244,0,22.164893515405574
2654,0.0,19.956185478349237,25.177446636229266,21.592674265501667
2655,0.4073009903351707,0,0.0,17.745212394972242
2656,0.0,25.79112919569197,0.0,30.490105764205197
2657,0.0,27.63657210438759,0,34.19841209961939
2658,0,14.23604688939989,37.99319290765426,20.757022584603085
2659,0.0,26.985426413218764,0,15.62512129368446
2660,8.501821542349814,31.280424622398925,40.22128846197188,31.965633948709005
2661,0.0,0.0,22.90113328945355,32.61515303200489
2662,0.0,27.808601299306595,61.26176286642397,19.900790654713152
2663,23.16561519954385,19.631706346296692,39.94446942774337,14.971503556903617
2664,15.106457773244378,0,41.42900677070636,19.80025682679889
2665,32.08698739211117,11.136988423919862,31.921875993280597,22.64898506339474
2666,0.0,13.830719024284676,0.0,25.603143493912864
2667,0.0,39.409421479385024,40.66555986060778,19.29307206486121
2668,0,9.370998412582619,21.107424801340045,35.87653035185366
2669,37.719569350713456,0,29.92414870241794,29.260271146563905
2670,0.0,52.487011557850366,26.714551853638195,20.850204630350706
2671,22.226639052151373,6.518664016496985,0.0,26.365190904306253
2672,0.0,18.460612769105502,23.432061377459966,24.689214787938866
2673,0.0,8.290386351023479,0.0,13.654398602316391
2674,46.05193499214394,27.959541079344,37.01203199546848,29.228989940993614
2675,0,7.536524547162487,31.982570779921208,31.854901139306772
2676,0.0,24.86558624448969,0,23.404674441929657
2677,20.03178131594313,16.842259202797035,0,40.784482780289196
2678,0.0,6.92279119785233,32.325230290215075,29.184909870751337
2679,0.0,15.861166316347981,0,24.881262824399307
2680,0.0,23.427301573281074,32.27700272136898,40.31609228626048
2681,31.16299851664263,37.225089115548926,0,13.341145652642187
2682,0.0,0,0.0,20.31964002023705
2683,0.0,21.90156339174808,51.46787003235463,25.332056278609343
2684,0.0,15.603854517202686,0.0,20.64113220358077
2685,1.2412735586560768,0,35.8498618523257,15.616807277717482
2686,24.589673234464296,25.691709841555625,54.587637478163565,18.619827630284597
2687,0.0,15.385563779048722,0,30.464759908722158
2688,0.0,0,26.189649301787632,32.370917449206786
2689,0.0,0,0.0,30.562141599351083
2690,0.0,14.230424091020238,30.858117255787633,33.522313534191966
2691,39.106752234385525,10.266980058204654,60.958232957629534,27.811953186387566
2692,0.0,30.854800710113974,46.66792992121969,30.12947674568218
2693,24.91681316101536,13.162538780876428,25.88288052653189,15.31751158048528
2694,0.0,13.184811389240346,0.0,31.112303592231136
2695,0.0,20.85679045569558,58.39171020331671,28.554724044204555
2696,14.804979002036879,14.145203011706053,49.15450817105081,23.995804577163753
2697,0,15.066062481923149,36.79225700377888,16.61147700086613
2698,8.873560326192948,0,58.472210544224154,19.22163161166985
2699,14.675646737987785,0,0,26.983498074883602
2700,0.0,7.502425618433973,23.7450320514756,20.446150423872812
2701,0.0,15.350721698979513,53.268366740162016,22.426037680484793
2702,9.42544577505133,29.398457902659676,57.977655524679356,25.884288582231477
2703,0.0,21.738356130203467,47.70732935191202,9.758314850634093
2704,3.5571109778605776,0,15.173696620382913,15.158040111046466
2705,42.60225581540218,32.853954609549426,21.330275040785775,21.076804094286363
2706,5.213365230230032,16.167039460811562,45.12730767728179,14.945343658239764
2707,24.127998774220313,32.48180311088841,0,27.000076875252898
2708,0,17.082337760587674,0.0,31.82437161409469
2709,20.751830849609494,0,29.340742190908752,27.099842891790114
2710,0.0,18.809859933045196,24.866246494127225,22.324811911094876
2711,25.3518553780878,9.966127412929303,40.06921249056864,20.582859522437207
2712,0.0,12.005749564488786,37.590877890197355,19.1114388007197
2713,0.0,8.621244943386724,35.611626335778276,29.592568396109325
2714,0.0,41.39672355226698,34.995488189545554,22.34217217308818
2715,0.0,24.83583793777271,25.81350953813565,30.178370599762246
2716,38.04758528922003,30.516100717989374,52.308291391302156,5.119972328335637
2717,24.119365340053758,21.27097687025429,0,24.520569882058073
2718,0.0,16.41050091181266,33.221681042807646,20.677732815476784
2719,0.0,52.873857608244364,14.961789170104721,27.809816044699417
2720,39.590279804090734,13.53048663737903,40.2025405109328,6.418402884751577
2721,29.096076549805986,11.434126054196767,32.13417208776988,29.420355133508085
2722,0.0,20.519632139998034,32.7680173623285,17.866927854723446
2723,0.0,7.785633600212768,0.0,28.353652743772944
2724,0.0,23.156732033428234,36.759570622809896,16.411608830854032
2725,0.0,33.21248963837633,0.0,35.17699566452469
2726,0.0,19.472461901425646,0.0,12.936565569025769
2727,0.0,9.91468031955003,0,14.50455380821658
2728,0.0,24.844437599648938,25.33036015319359,0
2729,0.986128020418317,40.42224029633832,46.643480976923136,17.48936072611679
2730,24.71341452598014,11.701386252366943,59.353997350084995,26.197001345907424
2731,16.490885955275914,44.051398821418516,29.23539968225504,26.596603065472006
2732,26.319568473138634,10.629527901387819,41.901597225250484,18.272395665523764
2733,0.0,19.446844585948792,0,42.7707958070397
2734,0.0,8.06794210937185,0.0,20.546684217499894
2735,38.54576152580168,16.582765054230318,27.120973177890196,25.513969055898016
2736,0.0,15.346304177689952,0.0,12.177345695106805
2737,0.0,6.0701790437384915,0.0,15.697831660945019
2738,4.6444023724781935,27.20524144470546,0.0,28.194363842906203
2739,0,7.649209681280122,30.3072318560758,21.430076541703798
2740,26.324475054422155,18.512252546897752,29.148968676108108,22.81921175279096
2741,45.53928533471123,11.474449773051674,25.92974483058263,25.689446450466214
2742,0.0,0.0,0,22.051419220383597
2743,30.063556230434685,35.92116031130747,49.742012886170684,38.27971474709269
2744,12.010267109001372,12.599153805949019,0.0,25.148408824104667
2745,20.52100648141158,8.170618558586611,41.67033755444458,22.484373884637314
2746,0.0,13.520550030599473,0.0,14.426461798715113
2747,27.048538196126913,13.52347689942542,24.238999153685086,28.066562889954245
2748,12.492177368942803,10.988133915454885,35.37601259012444,34.021304537091275
2749,8.536184347871243,10.622487233508016,0,39.40906025155975
2750,22.96935095454001,18.508301478363055,30.49337719502007,20.382633700076543
2751,36.69274997300329,14.822180650908278,21.44879063123248,17.199595670402534
2752,0.0,16.81532797552308,48.118817100547105,27.080911510267235
2753,0.0,39.88676137414766,40.78612679649599,8.681122068179326
2754,0.0,10.8953862287422,0.0,30.916667072041896
2755,17.100407146144697,45.90055187283701,19.801014911458044,18.288559760319433
2756,5.3381861322549105,36.87689513883804,0,24.296052000674912
2757,36.906342468412525,14.756753047892918,81.94424329526217,10.932080358160315
2758,16.442866641497186,8.505364106969651,0,30.016929611962983
2759,0.0,17.826861884627174,47.11817881776347,31.298345422764527
2760,0.0,11.197489287257259,48.43733511067038,24.62686184008367
2761,0.0,30.595206489737304,49.74558076305646,24.662085108979028
2762,55.51847917482413,32.774066558487995,0.0,28.562684212409767
2763,0.0,44.214313626563666,40.642710722104475,26.658680415281154
2764,0.09972078380880466,11.096999167495945,34.26445816741142,28.356919146448213
2765,25.61060144016328,41.41685855133022,23.983823158801727,29.154034129385824
2766,0.5177641331105761,24.155162390883287,58.147194383761885,27.89187538326493
2767,17.826255752549034,24.294865391451122,19.13014414682528,16.832511279950456
2768,0,28.799223876782452,0,25.223188627469586
2769,0,21.042577648169555,22.43860381646298,19.785386852906374
2770,37.4707485378617,12.159325273256478,60.642361033782954,23.213964096818202
2771,0.0,40.444051215307084,31.925006201688596,25.411053886948327
2772,0.0,0,35.7189946601406,39.549476266599136
2773,0,33.41359304993793,0.0,18.204790082332284
2774,22.809771559243313,7.455341332842222,31.60430152276286,24.68391280540638
2775,12.330750953581344,0.0,22.428059908175868,24.25312266698257
2776,0.0,0,34.65240438079858,31.327433426856697
2777,0.0,7.867061666630193,35.38625952809146,15.776808634958636
2778,30.75533137858147,32.969772362691586,46.93222162309976,18.219799880126782
2779,0.0,53.16893583475559,0.0,17.95694963232089
2780,0.0,17.178538409507784,0.0,16.023026186551988
2781,0.0,46.6335175610787,0.0,33.826863137706034
2782,0.0,0,54.54505723216215,25.42673718223923
2783,13.307103180173124,35.22440940440717,29.234711615914055,28.740695055658083
2784,0,12.316223837718965,0.0,15.29404542282407
2785,12.996974798554122,34.45234647783571,28.73852825552203,32.629446004088656
2786,20.176133495249882,6.962565994845617,21.322019475383897,32.253191093069425
2787,0.0,16.812595586230223,0.0,9.362556438285772
2788,41.50660596787117,13.29462353530466,56.1186499276228,15.84254387078834
2789,11.128844769306905,38.63418626516807,26.19027034405101,13.431642516051305
2790,0.0,17.559069716101597,0,24.721341734800802
2791,28.307632934903438,32.01597250574206,27.116657145133477,31.038952500711
2792,0.0,10.92524860334274,46.8594484107867,26.208572749269518
2793,0,25.376858860039597,44.751186227804354,21.06011214171295
2794,0.0,13.866693270552998,0,32.81305288835277
2795,10.370268607473704,17.879203709375144,0.0,36.02705042312517
2796,0.0,20.85620937108473,24.990417228012763,18.82441323599914
2797,28.01702181618032,26.32681716790864,31.69704921483748,35.97812085632484
2798,0,15.697911202635222,52.69503015153997,29.879616455278573
2799,0.0,29.25767169320319,43.52811203359005,14.243773037931728
2800,31.867221089765952,11.783621619749988,40.920503664329544,29.62052337537479
2801,33.94535250438994,9.207481300440369,0,24.71106042221748
2802,0.0,10.512048840011218,27.543093874563507,20.46938939523849
2803,14.26884991509238,11.395145507558613,33.58502279494447,24.73941091828362
2804,0,9.400274976509218,0.0,47.159147632845716
2805,0.0,5.398064926171475,51.75514316019738,32.44581641065618
2806,27.418335738135436,20.44797842704179,0,38.22976467167778
2807,39.56162686183579,42.27336137245159,0,23.321272759331315
2808,0.0,9.48473102680602,0.0,15.90610514517472
2809,20.682485215375458,40.7113016954867,0.0,20.49087973993465
2810,0.0,7.813259834180863,0.0,25.37706238604817
2811,0.0,9.34598157829331,32.04199995623089,11.605166331903249
2812,0.0,0,40.603771308415496,24.269829338194274
2813,17.47886810619267,9.397220924709591,30.35441186810515,21.465240930456165
2814,24.35046545115077,11.320849497281747,38.271406728063056,22.666918368430004
2815,16.053998222270476,32.89569640168523,30.24922624403441,27.49787173430192
2816,40.463112690118336,19.96473181355047,38.92427186994865,20.106641873808467
2817,0,33.692209049394314,52.971190533941964,23.190419893795582
2818,15.952660289962033,9.721837560573547,37.548825688314665,31.13531588069627
2819,0,50.90193633505526,28.170452077509786,14.537768542185322
2820,35.69794637287243,31.943017731740625,0.0,27.42384917337729
2821,27.831289796691017,17.68689033359325,52.92563457827303,26.27588979413845
2822,0.0,12.617056584737423,0.0,24.62478812608128
2823,3.8315652514962797,9.345860543818212,0.0,6.978505014321429
2824,0.0,13.899082109657353,48.45764596503345,28.53460937355525
2825,16.132695307381198,12.598541527505164,0.0,26.03481613047651
2826,0,13.884761372794358,32.60237762967567,20.41534906380004
2827,0.0,14.199607161647045,60.99665123077927,33.519364214447656
2828,0.0,0,0,15.566046248279818
2829,25.132496833968734,34.76889269019481,0,19.875686164020337
2830,40.86645801435907,38.3191972453263,0.0,21.207786931510945
2831,0,28.301042653863167,39.13583299048703,28.190519281315694
2832,0,11.431454976021366,36.79859579431053,17.946423087872862
2833,35.09203873400591,0,31.45807551275737,22.758119037277655
2834,0.0,21.71935300876345,34.09827800146301,20.957747155242096
2835,0.0,12.40146479809715,39.569338136114276,31.531370396763247
2836,0.0,9.99654403873239,0.0,20.286663029294065
2837,0.0,17.60252983554084,0.0,22.036614424258946
2838,0.0,26.722278187169948,48.63738670974463,18.098586345593628
2839,15.033518054327155,7.727292949385142,26.62430743369733,24.051663461749246
2840,0.0,26.041002052726057,33.748514772035506,26.55770394876635
2841,41.196264601454715,11.880828411789606,42.2319058903159,22.242436137750985
2842,0,49.84847075059296,24.09473105372766,23.06947726700494
2843,2.2281772728292433,0,39.19046980130306,26.363422446539843
2844,0,12.89414639665833,0.0,29.856057642648093
2845,0.0,18.8756039959308,12.07122029236345,28.316831047323312
2846,0.0,7.132132731919596,51.21815576024357,19.457629818293025
2847,0,42.86568661135752,55.25612411531488,14.814771674395514
2848,0,44.1923021592667,17.57969040308098,24.09202151317356
2849,0.0,15.064308877383425,31.561037293942483,14.990653728936348
2850,0.0,8.55745411330485,24.753536086928708,32.11426253697149
2851,20.675118035428987,24.575544890371145,40.46013064358142,27.154208793714524
2852,17.41292363102363,13.50873674940082,40.603846306321294,22.78164982875199
2853,0.0,13.32946411311649,30.640407464516738,25.939191559817168
2854,0.0,0,0,24.162153478725337
2855,0,13.372180303393082,30.001089329016825,29.652804596727947
2856,11.400584222622978,25.111544144801357,41.38478367422159,14.639444460942226
2857,17.50926555510752,21.82718960939602,32.50782967072575,27.101888605069952
2858,31.046397611611965,26.849658672965045,45.5577743958355,19.17877099412858
2859,9.403139695189186,0,37.49098945678923,15.782099932753319
2860,0.0,32.41412253993805,36.60950646485665,26.046615662458446
2861,6.01110471700358,31.498259959413975,31.43867077524383,35.86315926042287
2862,24.39166938644619,8.16483355964473,0.0,24.550602996237462
2863,0.0,35.930309678256314,41.21107207161479,17.520398673983106
2864,0.0,38.48543252185927,29.23225960970123,17.736557391338277
2865,0.0,6.228797990276886,0.0,25.98450540164325
2866,14.468698937811697,17.029314787598274,36.998170552525465,27.495961176944256
2867,18.990501817101613,0,37.76067052999022,25.051884663803257
2868,5.390245079174107,13.69849843963596,23.65225328911872,35.06806421305218
2869,12.903149041071334,16.355425013558612,0.0,28.07327441784926
2870,0,10.414534724262724,0,28.639345346326877
2871,0,46.570431111097065,22.371953932237783,23.65920196895169
2872,0,9.507058466484235,21.27533292906864,26.561347592252176
2873,0.0,8.388988442746466,43.87917765961273,21.54645585347684
2874,29.2156122779822,23.73803929884221,0.0,21.764971478013212
2875,0.0,45.454277978199386,63.68695712745966,25.34146593277618
2876,33.58770901457825,0,57.25841715932705,25.250981186544685
2877,28.0002478594459,35.622466138372346,32.73152614969875,15.972596363302022
2878,12.761371363506118,10.49437061793283,22.995188773316645,28.279541771941876
2879,0,21.559878284206537,0.0,14.739870529350616
2880,45.39621879781697,12.837854038116069,42.64792367877958,26.52471034992783
2881,16.93928076516278,10.201319437001665,45.43722150384043,19.11243201237531
2882,8.64165060899415,26.78893705996938,28.710040133921346,40.936489665680604
2883,0.0,9.42127721805089,43.01747320750761,26.85451265800989
2884,0.0,43.29994911064712,21.6044769754883,21.13410797410778
2885,0.0,32.899576845076055,0.0,28.767708825620332
2886,0,0,17.39453599447134,24.586121532808484
2887,0.0,0,0.0,22.19036820214667
2888,0.0,10.030260440926648,41.735724969729894,14.915799432695465
2889,23.15309829079872,0.0,0.0,17.25843479803466
2890,0.0,17.319842444253954,0.0,22.6693430786854
2891,33.61029197835135,38.6923403077653,0.0,28.833669968300956
2892,12.75498865277465,21.364844418486296,0.0,25.66062535557306
2893,3.1754433348305944,32.512932304173454,0,20.00936497842263
2894,30.032102987183823,0,0.0,15.556859606539405
2895,0.0,44.2108271983563,41.10009089549089,19.128865339045312
2896,15.124615995629565,8.281991711494564,45.34177794247521,21.136451807658506
2897,34.94575995625979,23.014416410545284,27.60183717197786,23.528444470495447
2898,19.611943147052248,7.9300987988296185,34.95583122412118,22.683528269366906
2899,0.0,20.519852367198425,33.18700552016088,28.753714636013548
2900,0.0,9.90222460754326,0,28.197665058009076
2901,0.0,0.0,0,22.185033081534044
2902,24.941595432704617,25.101706787587524,0.0,17.284597318851613
2903,36.77215828951323,10.141396156101392,53.47859715663739,33.20738359230671
2904,20.702221759032515,37.504073823408255,12.358950034723133,21.882244880220387
2905,47.024247063553325,14.07308543835396,31.045742387517816,23.920462584748932
2906,0.0,0,34.77129088236971,36.66116928141211
2907,0,10.997110525753556,22.440330490525312,29.938246986220268
2908,0.0,18.378107397830128,32.936359505048046,20.111732923845814
2909,17.45561186630795,34.15307254747738,23.271867645150188,19.259114010740234
2910,2.236903762165809,8.580968677428881,28.700300108592526,19.043745402365623
2911,0.0,14.597877034769422,56.20270834466638,24.0072010963117
2912,0.0,24.0655755294161,74.7607377899129,16.056852583696585
2913,15.620182455172184,0,64.30704536123123,29.30163927998314
2914,0.0,18.839599775064922,61.33495148509955,20.545557012043044
2915,0.0,0,0,28.18988034841608
2916,0.0,31.25046051539384,29.83115779740223,22.076557278957914
2917,17.00970829409219,39.683612327740164,29.088152455795665,30.382592270199158
2918,20.433890662689162,13.368978027580303,23.880182266424573,19.415821129195486
2919,34.074171452240094,16.222094359672447,35.879351339553374,16.504858329808705
2920,30.752484109156537,0,0.0,21.907528164024843
2921,0.0,21.428685372268312,38.49065872881213,16.544943170068507
2922,0.0,28.591784715983575,0,33.79648393730305
2923,0,42.47974854193181,52.875026321792014,24.587534576955868
2924,7.674908261049924,11.91436242145065,0.0,24.28630916400517
2925,0.0,40.89872805250511,44.323900383216454,19.857981749332637
2926,0.0,48.57095794983307,38.15226829449503,33.671442923607806
2927,21.593614035265706,8.526675278224042,34.3171315700872,25.051595944654846
2928,0.0,18.737552841350595,0.0,15.242621616667526
2929,0.0,19.90505304852641,30.095366728828726,22.425467888327358
2930,0.0,38.82352072579338,35.91833919529243,24.347785248035382
2931,0.0,10.037077088352882,33.20820495079456,30.0746095627141
2932,36.46543200043405,21.39782997738788,37.58907994597638,24.971745365471754
2933,0.0,9.772781345049038,38.78361447684988,28.4605132111037
2934,0.0,33.283140405119305,29.98473410540471,21.900920226810292
2935,5.813943521938438,8.637478022774136,32.35194674020295,21.253204918830573
2936,12.91520564946381,0,39.057887951336106,26.830761943876144
2937,10.308391287815544,41.579557489344595,0.0,15.967950487253324
2938,0.0,19.51320075195497,22.144105711404944,20.82045061865328
2939,0.0,0.0,0.0,15.140674307766835
2940,22.940261550274634,8.474680705479653,38.59532584243443,25.318788794776964
2941,0.2733854878304376,9.935288194286436,31.80726909268566,18.350607127152813
2942,0.0,15.187264402295533,26.112853676934087,26.23460600753582
2943,0,28.32087294227561,0.0,17.11580744654244
2944,19.793470437007503,17.252720880245334,0.0,25.47273991967261
2945,0,22.467948628944058,19.51118407649671,15.899875450944736
2946,11.21084564938448,10.332657524306343,0.0,28.796790336971505
2947,0,21.328786197146787,0.0,32.225613250942494
2948,47.454633637260315,0,0.0,24.286505107298886
2949,0.0,37.274739784906444,36.796742915434685,23.948814732409794
2950,11.748522369896694,24.82367457073982,32.81473430732377,20.35087769326318
2951,0.0,7.282746881800495,26.60564859027214,18.368436076182373
2952,0.0,15.891064705489315,46.14204473211603,21.869356913424713
2953,41.47594589490455,28.117362603981586,0,19.109644473468034
2954,15.300079953661609,14.43280799648845,24.574103978676415,24.481720537494297
2955,41.98009143843493,8.697958665983148,43.52529082823062,21.868639266352318
2956,0,43.502750501549265,35.31170178631552,15.248563957872813
2957,2.2622214578014064,9.12976254903229,0,15.503318059913047
2958,12.670566385256954,30.791192538108778,0.0,39.2737522331193
2959,0.0,28.639387153061715,26.159840610957705,27.054323271285682
2960,0.0,0,38.59306126364699,28.884955219291907
2961,0.0,35.08532830971559,31.42848028173847,18.51604274286286
2962,0,15.2492043712189,0.0,30.189876322146493
2963,0.0,28.846357602266675,0.0,24.363339710580107
2964,0.0,0,56.7434264544764,31.801972200747215
2965,41.527998011974994,10.732987597834512,26.60693284688356,21.834217495849526
2966,46.55323373803072,10.614455649854508,44.46845198515955,37.487282648329284
2967,20.05133232211281,9.692530792118085,0.0,38.650919852245416
2968,41.99842579562901,31.64276312407683,0.0,35.81947483636057
2969,34.57156617713141,0,28.087543401175697,13.876697648349772
2970,0.0,0,47.17162809941223,21.048786526946728
2971,16.82186609831364,13.021985400604963,0.0,24.426053281568034
2972,0.0,6.244673449972559,23.781644022116016,20.188796113377364
2973,0.0,0,0,24.611204557089277
2974,0.0,32.462121291205,0,10.656274344389095
2975,0,9.775925891494678,25.447457843848785,18.180324428082546
2976,33.350649590258605,15.500723767976222,35.78799822750216,17.258110212556748
2977,15.922653518535443,34.67325143386894,23.108590587865457,33.75056205058821
2978,31.050230345465046,5.7739790566355715,55.19332700740907,20.981170710473013
2979,25.737320294330324,9.92079574846749,0.0,15.698647594504031
2980,0.0,6.474168630530653,27.60878637943848,18.020557386257057
2981,0.0,34.582316840105214,0.0,26.129074331741325
2982,13.96083050637432,18.568404556624046,33.044208774800694,26.852984690887382
2983,16.484098736576758,13.914837703288994,49.7480973622894,15.414509304624854
2984,0.0,42.80078368945151,0.0,20.163994038181343
2985,9.039321144338215,11.019270818533975,0.0,21.012688675997794
2986,0.0,11.883343400758662,0,30.2297194862912
2987,0,32.39055052900488,54.4090428634054,32.36843076214475
2988,41.26003468690878,28.63255458527697,0.0,43.45833250454052
2989,32.151772867419176,10.59798983832146,0,18.571348555831044
2990,14.220719175790922,10.277331011140442,56.49327371057959,10.443887781702728
2991,17.22870960208098,47.130015504836074,26.619018052278648,40.565662666855644
2992,0.0,39.82259249218545,22.322000129021056,29.841835892498107
2993,0.0,28.081946837971433,55.04843928705556,24.946222451101455
2994,0.0,0,24.579582006329364,18.629809547304117
2995,46.353336200194214,12.114821016712474,0.0,22.72981569836117
2996,0.0,11.324826895465723,0,21.104727632749118
2997,35.100927927332755,13.098141141057479,0.0,19.2986708435017
2998,0,18.741588457045715,35.08256955125096,7.75973489936815
2999,40.62327335868111,29.804728778918886,32.08614911123957,20.223007846209516
3000,34.433312559391965,0,28.702926792629693,24.587660301449247
3001,0.0,26.16715822349946,32.93818756439642,19.22728207887599
3002,11.583925707690295,9.471028765225771,47.06620088814524,27.528231857930965
3003,0.0,14.105240794082299,0,34.98328938881539
3004,0.0,20.176636479117366,35.52219935433968,25.236385077723874
3005,7.84326643241372,36.24753141635498,35.813734068273504,18.666404046432135
3006,17.897176542466415,22.40689506782368,0.0,19.710805777165188
3007,0.0,0,38.32337852914813,21.11265268974949
3008,0.0,16.25439197360199,0.0,25.447177377600273
3009,0.0,35.652637492683695,43.109326960137906,24.367208163823417
3010,0.0,24.02864426272882,28.088942506739706,23.506824141733823
3011,0.0,14.485251481207309,0.0,32.895322121938875
3012,0,0,38.320612919389745,8.882285756090507
3013,0.0,8.037273332808157,43.71135968312181,35.827224697780025
3014,0,30.913095062407898,0.0,15.018729201425055
3015,3.9287939477837437,44.33480696357827,33.400441764174836,19.385520050226283
3016,0.0,9.670609886818307,0.0,28.138554441937487
3017,10.72316180212808,0,39.867031354921764,40.65751069061673
3018,47.650903858569755,7.338727604435959,0.0,15.028045966959956
3019,45.07017513066698,34.82752373178516,50.66526251567544,26.72464904803391
3020,0,30.493861118061446,31.666995020128223,11.85413535525835
3021,32.3816155204999,16.911913126175374,0,15.51378253732859
3022,0.0,22.11549303999439,0.0,13.677027036598638
3023,26.79326171458548,11.514649787370223,0.0,25.864383718202042
3024,0.0,7.272597320601753,5.417198247280913,30.803148410619187
3025,0,16.69298899422817,41.240736533966384,14.186906146062473
3026,0.0,30.6907116808289,22.48561692719055,14.47589135887009
3027,0.0,49.78880312375575,44.01741659187285,20.79304550111681
3028,47.830744286860714,14.519799648840138,23.55801378475387,15.282532069145208
3029,0,21.79731213841623,0,22.217332588871834
3030,0.0,23.962478568931925,0.0,16.286583255860354
3031,28.18663148215286,21.04516075085358,61.5420173698666,28.65933109628931
3032,0.0,10.332997643348738,29.963823145613528,28.991279558688184
3033,0.0,5.1398889946007085,0.0,36.16209887198906
3034,33.40414438942454,0,35.5660787362665,23.478677961513846
3035,0.0,7.1079364562796625,28.30605625860637,17.632344906868475
3036,28.34303802560239,24.186440426636587,45.82487214076685,23.880478940837307
3037,0,0,33.216659215616346,16.645005020164575
3038,0.0,12.486144725281497,0.0,27.324572687693443
3039,14.891382550368995,21.417186138442176,0,30.147812882079755
3040,14.173506562931166,24.231855746794135,47.01763937514179,14.90355557090887
3041,15.766333251383118,12.822878930966077,33.98633601764335,29.64724025603837
3042,0,0,0,17.217229080821717
3043,0,18.28499639004167,33.57772182079804,28.96131709407959
3044,0.0,20.79903654077477,33.4748355855443,27.219929670768956
3045,0.0,0,45.758658340672845,19.00726809738783
3046,0.0,24.066601585277738,55.200450220346376,19.662781103485937
3047,11.206640828620644,8.114447863915844,30.90149168567972,14.41502368691503
3048,8.85897161078276,48.540702165946435,0.0,26.444855864757997
3049,25.972013813400817,0,18.213327350762093,32.51823250836385
3050,0.0,12.302114856628629,0,25.610822257058697
3051,0.0,11.12245700391794,56.614261890836524,21.74369963306225
3052,0.0,42.610487585693654,27.128537641188018,22.15454328417919
3053,0.0,16.228782549170997,32.207861322155594,31.433475852382315
3054,37.69911131487542,13.295542028568619,37.24244485291093,19.209532140064574
3055,0.0,0,51.35470608746502,8.13143186236946
3056,0,10.062181788703496,0.0,29.08746518346886
3057,14.665509052926335,32.702276548165635,30.364543189249463,31.295249631148145
3058,0.0,44.90379968103479,0.0,27.043394011068575
3059,34.1881175524906,21.52895396994313,0,26.204424720277586
3060,25.275021544311613,7.878234179895541,38.636726613710735,24.639064865025635
3061,0.0,53.69929953263829,39.584890353455854,14.222835822170657
3062,0.0,13.47112197620565,0.0,13.750131133361402
3063,16.65953988040004,11.075056421381888,0,10.557135660044931
3064,41.943922009189684,38.01332749880244,26.971874197318307,25.459688996942607
3065,41.2363355493181,17.837789422140258,0.0,22.796641725254844
3066,40.09611389108874,6.804040755264961,0.0,19.033406693570306
3067,0.0,10.332141567458462,32.06277786587633,25.30535779534904
3068,0.0,14.074943309494126,23.315944674469787,20.66314015454772
3069,0.0,21.291398779906906,21.472680609387417,23.34247552688898
3070,0.0,18.447296691041725,0.0,24.405646959156766
3071,0.0,13.252311325530261,0.0,16.95672420639619
3072,0.0,9.968987370298748,40.177151650186374,31.25644351600285
3073,45.09895865595232,19.772167150656454,22.574032052259973,24.023782371099152
3074,0.0,6.677550021412418,0.0,11.963447357011953
3075,19.017452200187762,0,34.892405328141734,29.418983763808633
3076,20.98332212645073,24.080550564746986,0.0,31.59097951679791
3077,11.326640049386548,11.853207813494283,16.200969489007523,25.105154039679974
3078,17.141538095617527,0,0.0,25.708927405697857
3079,0,17.264485445254973,57.10571075210412,19.658496022032317
3080,0.0,0,0.0,25.435816381944345
3081,38.04544102227802,32.91978246906222,44.23801002615147,22.390948231507213
3082,0.0,11.636414287429073,36.35018179207329,24.05411869658662
3083,0.0,31.3014440749605,25.518796681921042,14.157288603635195
3084,0.0,0,28.294448305893003,24.00815948824579
3085,0.0,9.546127673708874,53.76687502736736,20.475694743767438
3086,29.057896401602314,10.043798032431798,0.0,31.0755562395018
3087,0.0,7.18548425009262,0.0,15.621266668286765
3088,34.04845778512416,32.87298330685061,0,27.3873614181515
3089,18.811741035017423,32.21836953838519,30.50341020269304,25.191692128593953
3090,0.0,7.548449711744148,45.56374857476274,23.267275435899947
3091,0.0,20.258070276711198,0,30.4470697810108
3092,0.0,9.601979504783447,0,23.34627275785834
3093,0,9.849417901930755,35.57116940267261,33.4607459554591
3094,33.230775211005586,17.451511623161696,0,19.339084933362244
3095,30.90162018408825,13.36499797959845,45.18385410787634,12.68362916596685
3096,0.0,19.675258494869432,0.0,33.185764651150514
3097,0.0,44.36779478432133,29.592879009260113,20.77288276122851
3098,35.977531766351525,0,0.0,12.463632813745791
3099,0.0,29.830847070086584,29.879066663448565,13.39416370666751
3100,0,16.688234159660258,36.842787932925916,13.968331068206455
3101,23.43686326329563,0,53.65453635607178,17.469802349505812
3102,0,9.133302331674019,42.69261091136216,26.512644771612127
3103,17.700430494632727,16.53878815594319,52.87288953934587,21.51284931129938
3104,30.011941172997176,19.15737352660108,0,28.24384517110789
3105,4.49615967573487,10.274722640109589,0.0,16.080678473481324
3106,9.006424162067507,13.002016812921703,26.660054120947866,19.38774438159791
3107,3.8478047753313884,13.841255569375164,36.83474825567937,38.264861784716395
3108,29.963410434779046,0.0,53.597984487768535,18.45651098793941
3109,0.0,11.245998999266396,45.3322901025931,19.832846635721662
3110,37.740621392391056,18.94560364868722,28.140810921671275,19.744050248151655
3111,24.89038702574833,0,41.55444043593842,20.281832028048342
3112,0.0,14.972309731849402,0.0,10.907316866705129
3113,0.0,22.094766258594774,40.97854413055401,25.179133379326448
3114,15.869492714195728,6.839923221638019,0.0,19.31090865755041
3115,32.97384623587681,39.21082815299949,0,29.8052734511179
3116,0.0,5.532245271538144,0.0,14.023000024227771
3117,3.534178895076346,4.300092353175552,28.78843908892977,49.91202206508139
3118,0.0,41.314176565231854,18.7749104627986,15.684823282208162
3119,16.83572655686397,13.858299505752502,0.0,32.085081013483
3120,28.419226056973443,20.368262501724455,33.057218819681744,31.617585061506485
3121,0.0,11.066206411666201,63.780303451031294,13.649694103141757
3122,0.0,14.51532500539911,0.0,18.426566494888235
3123,35.73965803056466,0,0.0,14.503191819344673
3124,0.6095032273552986,28.375890692471813,32.53592016431077,23.508783439406677
3125,0.0,9.017651134463016,40.9088284341151,26.10801799578995
3126,15.522464506598595,0,0,16.66874147381507
3127,0.0,27.61091946571093,48.50382722127717,17.819715493447365
3128,0.0,0,0.0,30.743846408588183
3129,0.0,9.389737388608419,2.6385147850748205,33.20090184039981
3130,0,0,31.244408148299765,30.5132606685477
3131,24.851147588652548,27.326082236470338,41.39401638862083,24.803268058481287
3132,26.67913212109951,9.487519303713064,28.1713274870055,19.67804549442678
3133,12.998005228605805,24.388743742685477,43.777184755940944,22.770769669154088
3134,23.252349898379805,19.773783016991636,0.0,19.126657885076263
3135,46.32864810531604,21.180565658390456,0,18.24506856382099
3136,0.0,31.852733053028413,0,24.96079723206409
3137,35.58111650482697,11.908600968271013,22.81278729076264,24.27793446471564
3138,0.0,0,0.0,27.84206258084956
3139,0.0,0,0.0,24.94798666589229
3140,0.0,24.348897235971194,27.388208144556447,19.835802506932716
3141,0.0,19.80254149648508,43.68605253839097,19.776218095560214
3142,0.0,11.353143754402604,35.763311182295595,32.53466556186585
3143,0.0,29.66785365543483,0.0,27.257293698834133
3144,0.0,13.254680615906471,29.815988563963074,19.719864271786342
3145,0,10.379967572387894,28.023153072666663,20.98553252944928
3146,38.510415788448036,0,19.930604868801115,28.47450989964867
3147,50.52038575623561,14.171007606222064,52.343147832560454,30.227799596038196
3148,0.0,24.721904588316875,0.0,37.05366950375494
3149,19.20952720832968,23.796029173278555,0,29.376761523489975
3150,35.20915605678626,16.446859168972228,52.30437567225765,30.91832970584187
3151,0.0,18.997172193434974,0,23.27776038674047
3152,0.0,21.794639589038063,32.55459475644848,23.53193908219262
3153,0.0,12.968478692266107,0.0,33.31385041097974
3154,0.0,19.823977387470375,0.0,33.620473360045644
3155,0.0,0,0.0,23.222786075934877
3156,0.0,43.28417417383907,33.15688414643137,32.15423545845308
3157,4.474658455310245,0,54.787888958913335,20.841480934523343
3158,0.0,46.67031407178554,0.0,25.350865959362228
3159,0.0,36.15633778007952,0.0,37.85288911444797
3160,38.31475296705869,8.92408033847082,33.39655758311452,27.890989045847856
3161,0.0,7.43178229407372,0.0,11.676043285011133
3162,0.0,26.043044972015128,31.494571746085295,18.975998577636403
3163,0.0,11.793824959702352,0.0,9.85559505095686
3164,0.0,0,33.29325976263229,10.758873271211138
3165,37.92106764250612,11.382759897733076,0.0,26.807809367538514
3166,0.0,37.42587949648046,28.367985762611752,25.17209670046994
3167,0,17.67927729852607,0.0,23.43637677795456
3168,0.0,19.86003578297398,0.0,20.757766030333222
3169,0.0,9.097223035120406,31.545936772297466,29.70749738517452
3170,20.718262571360214,8.465060107031785,0,17.329137545119668
3171,21.71499742783876,43.1797447888987,30.012431473695205,32.09607860658501
3172,0.0,11.451590417404027,0.0,30.544345098718242
3173,16.56699272167385,54.95086729987587,35.07017698043743,34.25936884803311
3174,0,42.479117590305776,0,22.231067912763475
3175,25.627511038590313,40.01259553964679,48.410761152894985,23.229620542729062
3176,0.0,25.773684677116062,29.085948506638896,8.90921541726215
3177,19.237487941020518,0,32.09241688865123,34.07031887322784
3178,0.8142720467326079,7.048017148796247,39.31954746272693,33.3620057969134
3179,0,55.433277539574696,55.91219736620381,23.115960211681056
3180,0,7.370290959665707,0.0,26.349729558749583
3181,0.0,7.123228141141528,0.0,25.418339796176358
3182,0,43.713922925812916,0.0,22.804298139992547
3183,0.0,0,58.135382692911875,35.8233886409528
3184,0.0,0,30.683752056368075,19.018351248575726
3185,3.9707865353809697,9.014318058212202,34.785894851574255,17.453408707742557
3186,0.0,15.32388466961077,51.099578949682915,24.060196305801103
3187,0.0,10.083833951312107,42.77836275843809,23.011504250839835
3188,38.3008183726486,9.861352587189607,22.938227153871903,21.959526055955894
3189,41.797362584777495,27.295078197536483,46.2557118478554,11.90269530547229
3190,0.0,19.900883187444965,0.0,0
3191,0.0,14.56606671007732,57.84283546202579,24.435429876421658
3192,9.186778141861337,11.638506915809462,65.41420764508796,17.90307628405399
3193,55.29301198393049,9.201464647571937,0,19.61562999674197
3194,43.2001886867764,8.39632183846148,32.67755260340519,28.717467609963258
3195,45.64349045356134,20.444779965006532,0.0,15.242284296805888
3196,0,33.1148996477488,35.16521301950307,23.04851782117946
3197,0.0,0,37.42393481634651,20.41173842201739
3198,0.0,0.0,34.27405687432151,26.79739506030161
3199,0,34.01849857556761,0.0,28.39272195669389
3200,18.944538753560277,15.83024360220232,38.713462535514715,20.439238794628032
3201,0.0,34.08212684486662,0.0,25.324320653504856
3202,0.0,21.503025833537592,0,26.591018818541535
3203,0.0,10.21537789341467,40.01036771581145,23.635147367712946
3204,0.0,26.881871653085096,23.144156272757726,27.62801442535333
3205,19.228082365711284,0,31.911225897832978,28.825601490033034
3206,0.0,13.844191335833603,32.775895436763825,21.590452283073365
3207,42.372166361005874,17.94396227429838,0.0,24.378650408448596
3208,31.91056534112846,52.0197053456664,23.72708592894246,36.915526853203716
3209,0.0,36.149833952028544,25.41398840938369,22.78317548229129
3210,0.0,21.406424955639263,0.0,27.448221513650385
3211,0.0,13.082341213222515,0.0,30.57103823099959
3212,28.406831728325923,29.970520696242843,22.666220583369434,29.43571048938327
3213,0.0,0,0.0,28.586094257580807
3214,0.0,7.7823882957355055,35.287290367596235,24.776222671004412
3215,7.719436435499625,11.754759034495478,25.615328243655988,31.514324310394016
3216,18.184317568839504,49.01056019655478,0,21.331151061251354
3217,0.0,15.168043231089813,57.28066652881493,17.97531543058873
3218,0.37171522044836514,33.72127314886599,0,31.025637763106968
3219,0.0,12.484350519770816,38.72494952985628,14.038191877603575
3220,25.29316097721208,18.54253073469075,0,30.130196654776114
3221,1.5302794013409287,0,0,32.94193673526178
3222,29.005110018421195,11.246986354155156,38.97968335580513,30.415914995841312
3223,0.0,6.744972949240088,26.991599154592098,27.132813856322738
3224,0.0,15.136484299857157,0.0,22.302285677897938
3225,36.03713337423687,13.108579478771178,19.755448431368205,35.314862540648896
3226,0.0,6.513693709745317,0,27.667339262483154
3227,2.317017719080162,29.429273973619118,0.0,25.387123001336693
3228,43.43993392847269,0,0,32.59321735803533
3229,0.0,32.699568638764866,0,32.38065841684023
3230,0,34.31462203905997,0,18.857060969854437
3231,0.0,19.440251559853753,44.89633223005948,30.577117581776417
3232,27.71477979565079,9.731253249312346,0,24.981211160757137
3233,0.0,9.816013790520728,43.76807842930508,28.755746322544034
3234,30.529297337718152,12.464005893894127,46.88836827316773,26.048945801736494
3235,26.905737563429284,43.24621937392687,50.755985131865344,31.1808604360675
3236,30.995353756104418,15.632263104724109,57.608895076934566,17.851086546402293
3237,0.0,16.930512360079888,0.0,25.06174846900039
3238,0.0,9.045543866482399,40.011713436202285,23.031809112858
3239,8.048953573595272,13.518627855320617,57.02796874746911,17.396157147517272
3240,41.282850717864925,18.830917556919008,58.820405489802035,31.833841547004123
3241,0,49.385022621617416,22.33409881510138,34.14730091410693
3242,0.0,19.273458811180664,0,17.004712681045827
3243,0.0,33.010000690533936,35.906508839626305,25.688364011697274
3244,0.0,0.0,0,38.5221621937529
3245,0.0,12.034983986723033,0.0,29.923450732125712
3246,0.0,32.96780699258672,0.0,32.27735449154275
3247,6.905145029583043,28.82634621074356,24.696355763815475,27.726594582049323
3248,0.0,7.047368775380523,31.51589611609646,22.90242718016999
3249,19.966896545274565,6.736643083758884,29.992932827257473,28.871012228550665
3250,0.0,0.0,0.0,19.446652700077777
3251,8.917689619490615,8.114777957382671,0.0,29.864174733280365
3252,0.0,11.63078535748575,51.4248540664488,27.401034514608472
3253,28.447985223629335,0,31.14662242150042,32.30716523095803
3254,0.0,27.92423660528309,0.0,23.95613741338006
3255,44.89579733386229,10.266295743527783,24.6174455405998,34.26589601905198
3256,0,10.055558870464425,42.636614498056886,29.960947918357014
3257,0.0,23.398469578323144,37.06617049608749,28.91123310371205
3258,25.28761095409592,11.070481556808735,0,26.326385927074917
3259,0.0,11.60629103195478,28.053254445468564,16.2499436901402
3260,0.0,14.757311116528845,36.08870223106534,18.917365296099263
3261,0.0,17.706944936159513,0,16.02901464608779
3262,0,49.1985633187923,1.4394775311318877,22.938867341640773
3263,20.71072539719584,11.061208455456343,0.0,16.762091172451726
3264,0.0,29.796143306722886,42.28685839945031,23.908908013254496
3265,0.0,9.425023933486992,0,21.32094343688293
3266,0.0,8.983253197230932,25.283314347508483,32.49709363525302
3267,12.332968806757714,18.134422484863137,0,16.740089167221367
3268,0.0,0,28.78488168282037,19.57623299002579
3269,0.0,41.4332285125852,36.17868878634376,21.14099739755993
3270,43.0875965244392,25.84805937634387,0.0,24.464517117519613
3271,27.01180892826267,12.301547071273424,53.17591171170061,17.431936117809762
3272,0.0,0,48.82870120486479,7.875533496587885
3273,0.0,15.334094972996596,0,16.617522392848418
3274,8.981360177935361,23.02041717054003,0.0,37.47577580563412
3275,0.0,7.277688886588149,0,21.61494253236472
3276,0.0,9.503728845464005,22.61906350103234,29.798765195613903
3277,12.164818908137239,38.59268719240073,30.25650942849734,24.6221489123405
3278,0.0,0,41.39504255419136,23.576707912184766
3279,24.611389954024997,7.816480956730861,27.796673043071923,25.460887158726436
3280,29.81909354201126,13.15029484164086,24.332391056467404,21.953203166810138
3281,0,33.82186566586057,0.0,49.1163772682195
3282,0.0,0,35.69602600484939,19.2506446816828
3283,49.1752937441342,16.422904175351277,46.55164660918315,35.697325167636315
3284,0.0,0.0,0,24.274513678956822
3285,0.0,13.597134161861078,20.349799587792862,24.44387094959642
3286,0.0,35.272369422451405,32.558115195404994,22.227737352856124
3287,0.0,18.00256829472758,0.0,25.096251362636995
3288,0.0,15.399218755693346,25.068882161317962,25.851999553014785
3289,35.35712881342846,9.47800852663344,26.61324349704711,17.895189018231275
3290,33.12779464593067,14.627090750764506,35.36779569076895,27.890313363492904
3291,0.0,0,68.43951178773807,21.61567861140598
3292,0,24.99735988430809,63.699618440114236,14.857225504192858
3293,4.557739397439682,22.320409250985655,31.72942230053069,31.225360282613472
3294,15.498990807471108,23.662965042064297,25.84434367573259,28.676931240058153
3295,0,10.39614198008576,28.3790835714155,22.981028583602182
3296,0.0,8.896497834806476,27.79043510015399,25.01623461142515
3297,8.24900830864505,7.836930449428283,23.823299255714225,19.11457746857272
3298,27.35767807867462,22.404021983105128,34.547071845112484,20.395910610278264
3299,0.0,14.480187943556729,14.949122874963718,18.475743867701688
3300,42.66784684552681,55.19140278709088,40.19513397948089,22.413635882189567
3301,0.0,25.679015325334458,0,18.665287312732328
3302,8.103303657423947,16.146639772787506,0.7624605251015253,20.569204145058798
3303,0.0,7.9756552759533355,42.863246884613304,27.814659098394536
3304,27.790228907141266,15.426235457589309,18.786721932615333,24.33915492537845
3305,0,0,0,27.87582676796189
3306,0.0,39.131282320297046,31.729563770304452,21.48436009772711
3307,32.05581199267721,29.942634569806007,30.731158523510103,17.76712808697236
3308,18.875777831579505,31.647529540542727,0.0,16.064994127555867
3309,0.0,22.127275817226035,0.0,13.913043689040595
3310,59.13048768938087,8.03504177095812,43.465441513783325,16.44193484623664
3311,17.987121887784433,10.31393285160224,49.18702551853516,18.590723684635275
3312,0.0,14.922717903490492,53.76408302377577,26.490445518522293
3313,24.892018453155544,33.70689156525416,0,14.352246402553018
3314,0.0,19.573756924953738,0.0,30.71383063957685
3315,23.347966033736473,12.237140814908281,0.0,26.24294516668118
3316,15.727685940710787,15.550686596110564,0,15.166939593618064
3317,20.193118434026704,28.398218465223326,41.40973126161815,15.574898209222457
3318,59.93935902335407,0,0,23.622870338913643
3319,0,8.428751952293775,43.83048390660012,29.797118184236936
3320,0.0,13.338062484637945,0,28.488662980899896
3321,19.91172635576489,0,36.66156074384891,21.22830137338825
3322,0,11.898145867489283,31.56395520548486,22.091200980387697
3323,0,14.343705424126739,28.827321038224635,19.837423536199438
3324,0.0,11.80064398524364,19.804576341890424,28.560667534004484
3325,6.9710600468470645,25.14684275211281,27.643809755834127,29.004933300990718
3326,37.46673327944251,11.154161922160945,23.483847114781494,17.103063729183088
3327,0.0,27.584633324250493,0.0,23.454497125262534
3328,16.29209788649396,0.0,62.139589968626375,19.832250748929823
3329,49.74545508911102,35.93241828645082,0,19.624143044070994
3330,0.0,17.710029332074843,0.0,12.34525080520985
3331,0,15.833546299621476,0.0,20.04880869879516
3332,0.0,11.739639881854682,20.065546011680905,33.2700110655734
3333,23.345622698584407,10.759415873425995,40.08899209640971,31.76269047006922
3334,9.407747610917983,12.162428755830792,0.0,17.500742569700105
3335,0,27.429765174350898,24.655543430101815,15.170894903559912
3336,0.0,9.97992595295617,0.0,29.017032431032032
3337,36.463590777175824,6.825449294705459,0.0,19.785375852295022
3338,16.108648312524107,14.552112702839448,0.0,33.8981343303829
3339,0.0,11.625083853446807,35.51666232786746,22.640498476720314
3340,0.0,9.517567715188596,55.93736397665253,28.083484763302714
3341,0.0,11.048430532624572,31.731917911559464,21.50884896704827
3342,0.0,0,41.25557856405573,16.590602502448267
3343,0,10.68011707936521,0,34.69928398570473
3344,14.217570191197936,32.99435393601585,39.127645513168474,28.279746434533685
3345,21.9855352099566,29.791334217350855,48.92659956409124,20.456054600019975
3346,0.0,0,32.875132363838716,22.956221820804434
3347,0,0,20.666292091208998,21.99444694484438
3348,0,0,0.0,17.6462271704164
3349,0.0,6.857712256084929,20.055244549955315,25.6818915789723
3350,0,0,29.177144191732406,14.507346763449851
3351,0,18.67974908747412,46.75792859548848,26.562944957887055
3352,2.386940706857593,0,29.870919097655907,26.226672409302335
3353,0.0,6.96046186856004,39.407916111588264,26.06083863479759
3354,45.98772901013737,35.1881832458171,0.0,29.52820285304295
3355,0.0,39.73201701269166,0.0,26.244797061162487
3356,32.17878079624868,0.0,42.195696959917356,24.062824793955492
3357,0.0,45.55355657268956,42.26062910739534,25.821233418598695
3358,19.350654037393788,10.98133496148785,35.317474642658475,24.147801121402914
3359,0.0,61.97441635329335,0.0,22.98427470381541
3360,0.0,0,47.374500318410355,43.06345882155772
3361,19.150445177417314,51.745954443732145,0.0,17.781672215289205
3362,37.65139047894917,25.31267621270928,0.0,15.373679113088599
3363,0.0,13.181513012882768,0.0,24.515533908017517
3364,27.940662435303295,23.162062402323908,39.44066817329311,24.519414004454536
3365,0.0,29.858956691909395,53.48288871809737,32.570686680077635
3366,0.0,7.801337903106972,36.58273361754503,26.47663968005325
3367,13.067601296751834,41.13898862699386,32.56056344223997,27.26853471834197
3368,0.0,44.26597378459108,0.0,28.927055830819118
3369,0,31.561229087055153,36.937198913090874,25.193782165271195
3370,0.0,18.839395032652853,24.627472877698956,25.317398540632578
3371,0,38.40146002456607,0.0,21.659504252615914
3372,0.0,36.11844133703949,49.713029428249044,27.115896404755443
3373,0.0,37.94348295338346,0.0,29.938223704746157
3374,0.0,22.800149929742368,0.0,19.218823513812413
3375,0.0,11.0458671589786,0.0,27.376886224618058
3376,0.0,10.841150749681752,37.36335336495696,17.795632255395507
3377,0.0,5.3055910785194,28.30578698751308,20.241501560370896
3378,8.709866162076235,14.835273878237086,49.210728773333564,23.145817748360358
3379,34.09687615005547,9.334947204955252,0.0,27.780730120638335
3380,0.0,0.0,0,27.17219957268845
3381,0.0,0,55.4518530692133,26.331073359485902
3382,0.0,42.83140133838415,35.7528916442008,26.20029814785099
3383,18.817479909899497,14.634467561512263,25.476225808673743,0
3384,25.228716163390413,14.649970400381108,0,28.217116714492384
3385,0.0,16.364422405957015,51.69260914843543,26.056753618695407
3386,0.0,8.747112331446335,29.047695729438008,16.332681487611506
3387,16.016092676489148,0,27.308828105051305,32.001525935596376
3388,0.0,13.775569611230663,44.32248700987495,25.95901994761937
3389,0.0,16.8693829937268,29.159927306362405,21.431622695856507
3390,40.54497285419375,0,21.536942157841512,15.27901886118636
3391,0.0,25.27332468338075,33.42158190514203,39.31587526043597
3392,16.5424768601398,24.1342783097298,0.0,19.892451806798377
3393,39.20944005041884,10.435615583267841,24.251605229058264,20.748104548582248
3394,51.07981776482197,32.212046047876555,0.0,25.253722924045473
3395,16.781723515543177,27.759380983523304,0,38.34677435169527
3396,16.105029126419875,14.705327450878876,29.845024244827755,16.97187864127642
3397,35.411636944226885,23.327164466198905,43.199454354155975,34.6131973215917
3398,0.0,23.14394371446682,0.0,25.264082444778445
3399,26.073259877355145,0,53.05956372233673,15.390715489463208
3400,0.0,10.148287100244955,24.32151059858977,20.07044880284822
3401,49.713234461019226,6.456711356529436,0.0,26.864993290982092
3402,15.624715871937825,14.198731911417918,44.048164427049514,43.396542989818194
3403,0.0,41.84169390383141,38.618326364965746,31.004047990470134
3404,42.15114121364937,15.808235767419646,26.73956686435408,21.265766496665723
3405,9.066250479214006,19.986958296287124,0.0,26.15764033777909
3406,30.472327022427777,11.496969759629016,0.0,15.867509237405278
3407,0.0,0,33.203847472427356,23.283151869719006
3408,0,42.41305622149049,0.0,29.289216610051398
3409,0.0,12.797700200802625,33.36194505202434,21.946843100235878
3410,0.0,21.635299398575565,54.2013631840354,17.21522330220085
3411,0.0,9.10690524061132,26.81380443801434,41.50514702710768
3412,0.0,9.929465380111079,26.553372548556435,25.80207553730864
3413,47.508830840916275,22.632753054240247,49.19376771908086,28.468393599769954
3414,0.0,14.627350032495325,0.0,28.32435693405727
3415,0,13.995646695136406,33.972614797381944,17.451204125084722
3416,0.0,7.5411751243900085,0.0,19.513905471349663
3417,0.0,14.211610425601755,37.88379750093881,33.55746091870007
3418,9.43664238458078,29.001577080671233,52.21968163316369,7.942451987353831
3419,28.94277587539933,8.681934623105176,21.17925945324281,28.858811085029114
3420,0.0,7.699132068435387,29.882679668305716,27.981191161344977
3421,8.049170301096813,11.989663835541267,0.0,7.907125763659992
3422,0.0,7.29264248077084,25.171360942854864,27.567548831562895
3423,18.210198369016588,34.83958062691072,0,20.088980471628116
3424,0,44.321927228744556,27.483731724355675,23.88644332280903
3425,0.0,21.13516042503456,49.08217214243502,26.866751057878037
3426,11.649718695678487,0,35.9186027234382,22.088836331691706
3427,10.407775241528011,22.648473988197633,0,16.364477922809684
3428,0.0,42.11444352918326,0.0,23.299712470739795
3429,0,0,28.81952506607271,25.405181064827346
3430,0.0,11.469960827688661,0,23.334479769031717
3431,0.0,11.097745444023925,0,16.755195618613488
3432,4.028365183998581,11.479749585719018,0.0,29.35652919420617
3433,0.0,0,43.500378720576414,25.203764403934848
3434,17.85626651584562,11.695434832363826,0.0,23.138961970182866
3435,0.0,12.197545385772003,0.0,36.16095484026933
3436,8.005114427600008,21.037910051864277,0.0,33.057117852722385
3437,25.99607409631739,22.156797123775284,31.753251153451558,21.5688554291703
3438,38.946825253222116,12.169593227986645,0.0,21.596745826040664
3439,0.0,38.57969232129627,40.28744050056691,7.301594234678165
3440,0,11.802076648934628,19.278394991084348,20.62340747718691
3441,45.22267487230158,0,26.71303113793845,34.45931676305697
3442,45.41685346830301,0,0,17.35139116944974
3443,12.688850461504757,19.027624070895108,51.88556623629562,25.50447274932373
3444,0,35.096719713619166,47.67082916147736,28.637354626702514
3445,20.332432948624085,25.261944680328273,46.683698203345074,28.580453803537665
3446,0.0,12.045685819336903,23.490909337274175,16.74590258212884
3447,25.913088318479538,28.10729946717709,47.01834822402463,30.096193606189622
3448,0.0,9.309021750290716,31.953712726390904,22.06220522856276
3449,31.96464285972516,12.821943931499426,46.453252138704386,36.180615146680736
3450,0.0,10.366213901135128,45.2861487389996,31.87208196601833
3451,9.907391952238216,22.13749923905698,41.87419978400926,18.43000023105567
3452,21.320432905833357,8.821686555400117,51.715987818560485,22.435052154947435
3453,0.0,17.5852271867052,40.71976694067285,6.435478430980726
3454,0.0,19.945996258854226,0,16.950710489141027
3455,9.387049882103545,15.46512553194821,25.334953151550312,14.453862243292972
3456,27.985237108283297,20.35783129478771,27.451367647996683,28.24412188505433
3457,0.0,32.2390441211011,0.0,16.878593206275248
3458,0.0,38.37659192752818,40.16892135781753,24.509152823416013
3459,26.60550929562933,41.452176470862625,0.0,23.894608205422774
3460,0.0,10.84521863585149,0.0,27.256465026089074
3461,0.0,29.064907826751266,51.953792273168446,12.35683914268964
3462,20.08518931063862,0,23.92513251513951,16.193556920189728
3463,40.98523786776132,18.124402784360456,0,14.247278423678543
3464,38.770452412578265,0,0.0,21.88706221481581
3465,0.0,18.7042619677381,0,8.872399713671822
3466,0,43.64484961687149,54.40258612191036,25.412732805623307
3467,24.64856871209041,23.96729255908967,34.583716029475084,16.02426537891059
3468,0.0,0,38.185697785115465,21.212184530650834
3469,29.292360687172334,21.586521970604593,37.671521712337984,30.5184629298141
3470,0.0,8.563931935184316,0.0,25.174913529463183
3471,0.0,9.46693077729528,28.836588788058396,25.716438642773095
3472,0.0,13.302693756202405,25.03141558356906,17.374841211599826
3473,19.48616148138889,14.87626409749934,44.11137279997012,33.04024286035982
3474,20.448618644688835,16.721181228922966,0.0,21.52428603769741
3475,0.0,17.98765420063835,55.28706325823598,32.31539939395809
3476,9.648383151194377,23.840157154196863,57.207497694742095,28.34089033057441
3477,0.0,29.330561784006065,27.51446439358787,26.307564005226332
3478,17.930979414052022,6.012258813383862,0,22.04205466152119
3479,0.0,9.465874721363367,31.824795671284917,23.52961819584266
3480,0.0,9.049545088552694,36.99137793247622,31.56557104023167
3481,0.0,15.275319596870563,42.1685719360892,11.12118803786836
3482,38.9127832342772,14.664932391061418,0,18.05689577740114
3483,0,38.36820054526882,82.50551335960883,19.48224602453663
3484,12.658160496058251,15.515458464996767,0.0,16.183845289615803
3485,0,16.777117870603394,23.05153110590793,6.591581163853616
3486,0.0,6.857888671918277,0.0,25.220311439474507
3487,32.08905901854576,9.320056830747305,0,32.98044583442341
3488,0.0,10.919042802350797,0,26.8110651866587
3489,13.753276145638907,28.562114672008736,38.74570429916194,12.946386657872248
3490,14.435435186617042,9.299952336163784,75.07019661651123,24.331086478273097
3491,54.50997191241811,8.938197193224005,0.0,18.437835573495832
3492,0.0,30.277650883189768,20.160196744737128,26.765145908085408
3493,0.0,0,56.92016955268311,21.491349763630502
3494,0.0,11.466900431498562,0.0,25.513424939230543
3495,0.0,12.186045791152056,33.66739958859568,26.41765542871537
3496,20.320034567548134,11.73462301481994,28.00411529518656,28.254839068069106
3497,0,43.64619492174175,41.250253251299455,38.73613289140264
3498,28.946956973720347,23.75233764992637,0,18.322565017460647
3499,0,10.467256481564528,36.61182536891665,28.865314363509356
3500,0.0,22.30445760964422,20.075735515427283,31.746215069888155
3501,36.65284509956116,29.123003356561064,50.35808917929815,23.442869824932608
3502,0.0,29.729589943859747,25.674119903948938,19.657950825261395
3503,0.0,20.793987028408754,0.0,31.444241774621144
3504,0.0,12.063567691306787,34.05383745346756,34.08590474038256
3505,0.0,13.64163847555434,34.86507393815809,27.938482422970147
3506,0.0,0,52.500184534071224,31.434310659571345
3507,0.0,0.0,0,21.917270248596008
3508,0.0,24.396337298976473,39.614723691663016,22.07657206147802
3509,0.0,35.274892951989244,0,24.93677669898026
3510,0.0,41.180315184980586,36.362331415444054,4.885585535434808
3511,20.173711499167002,34.31851657154753,0.0,19.357240983510962
3512,0.0,22.788526549889564,32.97086275418521,12.077860183881235
3513,0,41.35471881659795,45.15837981816942,8.838994836338514
3514,0.0,12.346756653094197,0,33.1654101693038
3515,22.37497993417523,18.608868213797216,0,26.07547586069418
3516,12.716037371363646,14.495651384052415,0,38.174967039502526
3517,9.225939377146055,20.90044498134692,0.0,15.656537305975357
3518,0.0,10.784001647838673,29.409418182598394,15.755876019615963
3519,33.699379075340204,39.03539488089883,0.0,22.971781391725205
3520,33.94174698112544,0.0,37.31791730917712,35.73291909459984
3521,0.0,24.5092643986992,0.0,35.793138936395884
3522,0.0,14.56596309867081,0.0,15.820491637689003
3523,0,7.305721234487771,37.896137245424455,16.24735901813154
3524,25.767697600667486,0,0.0,29.291671809410296
3525,48.36371455428846,44.4940846099597,42.69497772754956,20.26379622704069
3526,0.0,7.190496462179719,60.72785269111144,29.131996475028963
3527,23.1990671576278,7.429845985179489,0.0,29.91909706166889
3528,0,0,0,14.486227776692868
3529,18.495004233459404,16.863525992493045,0.0,30.851234909660512
3530,9.731583333530809,12.690543064358472,38.93288574478126,29.892765257179082
3531,41.09065808355588,9.25809777464986,0.0,21.572226816900866
3532,0.0,29.464810218423768,33.61205255921768,36.373286122778474
3533,41.037701927754846,18.03365895274943,0.0,18.646793210144004
3534,0.0,45.363379826733144,22.891754076061,16.108568497190852
3535,0.0,0,0.0,33.52878690469212
3536,34.41494432532643,21.02266516230205,51.01756626114006,26.321246605423745
3537,0.0,32.91785066497854,53.52857490372448,17.883987024955847
3538,0.0,22.56485571847249,0.0,32.83854800986804
3539,41.02380663432413,8.656923025336752,24.889404647749803,25.36489875382772
3540,0.0,9.97793306490353,60.329265015162406,19.856183986290763
3541,0.0,9.248703477948197,69.36980031397744,22.521725603591662
3542,0,17.38543946311177,0.0,34.49726504346942
3543,0.0,45.90917172724647,25.123716589721766,20.495300594861096
3544,0,31.1034408280976,21.548931749366368,30.112868996753924
3545,0.0,12.605453572208317,32.56830578488995,28.419123361202416
3546,13.576098964571578,20.671117233740183,0.0,23.540053951748604
3547,52.99736072984697,14.349065771534736,43.43716703333525,25.607768047976354
3548,13.515044309406528,10.89668015322392,62.286172812341135,21.544152604984333
3549,0.0,8.069114290984032,23.62062946666168,27.54783472048179
3550,0.0,0,0,22.85774471586029
3551,0.0,0,28.57643894089444,18.07500053845224
3552,0.0,19.94928287279949,20.378580216209684,23.02110084173257
3553,0,9.888853621837685,30.146849583166972,12.393771250630474
3554,0.0,10.184786282717337,40.1934934522804,36.651073224154274
3555,30.785057235283116,5.4997684105457765,0.0,27.271279903262155
3556,0.0,41.19531716031178,30.238370573065904,24.338399195109716
3557,26.019619685123633,0.0,31.886213556059175,33.053707698761755
3558,0.0,57.915074689704355,27.78886409521217,22.25222886491233
3559,0.0,18.43505889783009,56.740452565103645,45.297279759483
3560,0.0,26.135602163328883,26.99974102506045,29.871773526145226
3561,2.739147177050803,26.09422162250186,0.0,31.627449038636815
3562,33.865307063063774,26.806025399761698,0,16.51568942873973
3563,29.250486188921226,13.096535559537326,32.87144335617905,27.0169611945846
3564,3.9132063508449306,21.239053937972944,0,33.375184632386585
3565,0.0,19.478540863661443,53.88968384530321,18.797690352124185
3566,0.0,13.303631451145666,0.0,18.34358995767714
3567,0.0,0,24.90323251391049,33.89327501414793
3568,0.0,0,0.0,28.037606211280416
3569,22.500581192717366,21.774784038407518,0,19.48566533939581
3570,0.0,7.113726766421509,64.4950873423642,28.71483230473469
3571,0.0,15.95383497264662,0.0,26.570370526874378
3572,0.0,7.984949811884792,0,22.808200953660048
3573,40.75494115615892,11.58037273575638,51.77471066598945,14.793223593407252
3574,16.73503210301322,0,0.0,28.30182585270564
3575,7.811051760723062,28.22901971157124,51.497267001969625,26.313979757367214
3576,0.0,7.498323778125794,0.0,13.895542600495016
3577,30.285559442764548,24.605033420824196,41.952086774700575,24.73290732887914
3578,18.163687407578205,14.74363505983677,65.91627447367893,18.300926147076723
3579,0.0,0,0.0,11.210368100387313
3580,0.0,0,49.84376509246268,24.13568167802645
3581,0.0,32.52206354410636,28.32354396499693,11.123772237596429
3582,0.0,26.184592731173915,54.59371825072913,30.052770199421904
3583,20.15417766019911,9.977293208630455,26.120518945998917,26.730531316386248
3584,5.993189230016276,27.090100281089075,0,39.81818239376948
3585,0,8.461858461079728,27.4192391198944,27.13333402348674
3586,16.21455827085501,26.403769084299977,0.0,19.34964099401496
3587,39.58202412262564,24.721331947058022,0.0,27.54733594460811
3588,38.31180388131199,10.990464190949847,0.0,36.16611460231401
3589,0,0,26.999042687825824,15.799657843702681
3590,31.8934434064652,16.82072694387408,21.227557228030204,20.26315746814653
3591,0.0,0,28.805767957625324,29.681995192196673
3592,0.0,18.962483600014078,50.32606757436977,21.790796579152754
3593,0.0,12.443428709080797,19.233985287693702,31.63627170748895
3594,10.332310101979992,22.685938679154468,41.918211838892155,19.020213157137814
3595,0.0,13.622869542297,0.0,32.99875996038076
3596,0.0,12.789702960007714,37.470057383101896,11.040550994843326
3597,0.0,46.36888738729479,30.72917915036156,18.78843286856184
3598,0.0,23.25109950173836,47.303225671879645,19.178016240362243
3599,0,16.844628559913495,43.22185048478898,27.99793300329839
3600,0,0.0,24.323204076831466,17.196108568093724
3601,12.418287241438968,28.009126830999133,0,26.29891034286166
3602,0,43.41121415444768,36.9054122075612,20.85467784125024
3603,0.0,0,32.70295382660108,31.323326135197387
3604,0,13.092342416278507,42.486117528650944,8.757729174944153
3605,0,8.679930327136622,43.674102196300666,30.562253899823496
3606,0,13.219974362319547,29.363672251275926,25.66178053466444
3607,52.18847982081912,0,47.52005908397352,17.32471390545785
3608,0.0,0,0.0,30.88816027660425
3609,20.709154869728295,21.72112296264635,23.292231033014048,33.01714871797229
3610,0.0,0.0,39.209794535936425,16.05407752368847
3611,19.50747181041028,0.0,27.731273581980133,26.451042436783936
3612,0.0,41.1514023225582,19.77952096952058,18.569061343343257
3613,0.0,27.840113206623172,51.440881807070475,27.814948976579302
3614,49.01535812239656,16.382099187786014,0.0,28.62290348063654
3615,0.0,38.83126893009029,39.916043645593234,22.04045970278978
3616,1.6940431521641424,14.163462521965101,33.835682173388975,26.410825307291834
3617,0.0,9.987069868386595,0.0,19.779479162711535
3618,0.0,0,0.0,35.56544245415441
3619,13.262267302968503,16.527681020236102,0.0,34.81775921482877
3620,40.76453741586551,40.80304232981624,23.798512401299046,17.034588902372654
3621,0.0,44.68194365112999,41.57479701459032,20.197928546223636
3622,22.207277651454753,17.66115909880264,46.27306025428566,16.397364985415802
3623,22.22250687237294,0,32.79390526601821,31.791145411230076
3624,22.8248467132382,8.062177990528482,58.12193701111676,17.254769749263602
3625,1.1952348214164001,20.23830771946315,43.38385357273922,23.585355170667523
3626,16.328495461606963,35.315660739471426,25.96922459835423,23.258879030054192
3627,0.0,28.49682485515804,34.23288414911789,30.45904470032536
3628,0.016675722627522926,14.054627988057767,33.331538759168176,19.734893045441066
3629,30.151467669654423,11.483981544670655,0.0,21.714333629885516
3630,0.0,6.9116128734455335,42.84489231970691,45.79476917888283
3631,0.0,7.805366041265688,25.200901330231854,28.071708841326018
3632,0.0,7.707062538744902,63.171075319145444,27.191903660841366
3633,0.0,8.104873033374952,0.0,6.21827881042698
3634,0,13.865567078823998,38.73558695251425,36.75789682442152
3635,16.966232593825183,8.907980635034098,44.90327738160742,23.66221814983539
3636,0.0,18.201193440834203,49.08081880686801,22.279312845810892
3637,36.9062302669715,19.649805379071744,29.371103971826496,22.988010369851224
3638,16.890567633998284,8.959805669131594,22.864977362145723,24.203898154187808
3639,22.9177584690497,10.261763841757016,0.0,15.011705464111234
3640,0.0,18.190011360775504,40.562639413439534,26.385810476387114
3641,21.581380090601346,13.506778357918115,0,29.35276523339466
3642,21.736951052141823,26.16749696183762,0.0,23.582227170296836
3643,36.339017181064406,0,0.0,17.629109302109104
3644,39.73064579737093,15.465173421682431,31.863182032814535,21.77380229862918
3645,22.64355634433854,8.201784152721427,0.0,27.733166883080223
3646,0.0,19.757933805305647,0.0,18.019728427963095
3647,21.78561989001859,8.271333752795172,0,17.55520486840325
3648,0.0,8.438952857659215,0.0,25.506612894148276
3649,24.62937125738744,15.794922455270777,28.778750554764724,13.28385707363955
3650,0.0,18.853613097701214,35.83813003618253,27.569304530858957
3651,0.0,0,25.45537839434422,26.10232085858059
3652,20.653582576403096,12.223209641309436,30.300777796769538,28.905523802350313
3653,0.0,0,0,41.57035929290074
3654,0,0,34.763489935846984,22.565863162104876
3655,0.0,0,16.496888277714113,12.230973010821375
3656,0,9.96145200361566,0.0,23.168649865614917
3657,12.698438460225113,16.028539577454083,54.157546998642005,14.873192439544209
3658,0.0,0,0,35.40986365768968
3659,0,26.533191644246596,40.0932663399113,17.21467872598618
3660,17.41256714724327,8.775682214888292,44.661672805920254,32.578089258621716
3661,31.576840025207705,17.921628190252036,27.012919609598207,30.891727543629674
3662,15.244577469943787,0.0,58.742316038171275,22.955289453102164
3663,0.0,0,0.0,8.874548427253279
3664,0.0,10.379828181806097,44.25941741189449,24.151083405027947
3665,16.843924386141413,13.579145573713252,21.493812129077302,31.72777577409113
3666,0.0,0.0,32.584092315266155,22.263840835604867
3667,23.536962394055184,24.27121798280184,0.0,28.551968608836003
3668,0.0,7.4329605021738985,30.08835046453417,14.782738110871628
3669,0.0,6.934966372852341,0,11.537410824521512
3670,0.0,31.795183576848128,26.318167276748742,24.81198912276025
3671,0.0,27.69833857166401,34.39029684477363,19.445803949409243
3672,0.0,7.85663197767105,47.64230595189019,22.23322276544427
3673,14.142885399660557,0,30.86364603822071,22.069937878830196
3674,0,5.602068103952907,0,26.61623961523752
3675,0.0,7.423458851482515,42.63082088733334,18.5861130763332
3676,17.501137824158,10.248114659385196,29.10603997503756,28.174042239153888
3677,27.62641474078508,26.58573703289425,0.0,15.367004012025589
3678,8.077958641391437,23.838861690361778,0,20.5942742482323
3679,0.0,12.35255496386626,0.0,30.894479236842063
3680,0.0,17.851040773736667,0.0,21.979751632312826
3681,9.95158051617988,21.90331180298247,36.72493284761032,29.567219776048482
3682,27.589374438959943,18.605244316543153,30.252949928104304,27.693208149854303
3683,22.459443560057426,13.673159789301026,0.0,20.589233353479713
3684,0.0,22.05387088956346,41.9282412968811,25.97881357037511
3685,0.0,10.276808296536869,26.77671424773216,25.562831708810787
3686,0,19.340420197274337,18.814296470323786,25.412696073512596
3687,0.0,19.0438744382271,24.79922365993692,22.20344578499602
3688,0.0,0,38.64360344039732,26.34419863689741
3689,0.0,43.86179347572618,0,24.683385327696943
3690,0,9.17747826746777,30.616016192622155,12.446148641487143
3691,63.04546701326771,0,0.0,12.319425481970908
3692,0.0,18.088145102568244,0.0,23.303937867255385
3693,6.338516317087618,6.367178931679608,31.688693779402556,13.74109552180527
3694,0,8.522183708448425,40.7424277384223,27.450376081354243
3695,0.0,8.326344842937129,24.843098914176537,31.145101247999115
3696,0.0,6.720758228920503,74.44777475569931,28.659122988044206
3697,0.0,15.851932510898536,65.6259980672404,47.146450819345226
3698,0.0,15.659359723955356,42.21607972975634,26.618530372052263
3699,9.549588161526055,16.755176652840337,1.507146006163839,19.512750548415163
3700,23.0165720742978,20.557584789430923,37.54045429919059,16.563939287060293
3701,0.0,12.53977668145938,30.690017762980595,27.639598530704305
3702,41.199562461378605,13.00584587095813,20.976724491055162,19.585878050414767
3703,14.0469327411996,37.749833239102,34.77712403162712,31.344179349443575
3704,0.0,16.832392469497794,29.52248391381295,14.844644661874671
3705,0.0,4.4740784048246605,45.506041968387116,24.709297615913762
3706,27.2739916663251,10.360011919845936,0.0,15.306122760973523
3707,0.0,32.66489864207961,43.47586769047101,21.64929111374518
3708,57.4650239029477,10.431397710793508,0,25.712206983828953
3709,20.164885161761767,15.751927150094446,0.0,20.753326571592766
3710,5.595639837050219,23.288844799215134,6.457970813029078,23.48344602747395
3711,0.0,6.828770883869073,41.469333192931444,32.98188902639085
3712,34.6444363657651,22.244367362393778,0.0,15.314765456155467
3713,0.07866801427455838,9.898980820436828,45.50379112976352,24.62773798332512
3714,0.0,19.473528961784876,36.00029486489298,22.700465471611626
3715,0.0,17.77966977830012,57.69261773722381,25.703007988200785
3716,33.791781934272976,18.94028009538946,56.15347113426746,18.609044893177987
3717,0.0,22.97594895371436,22.85198208866468,23.76106326020588
3718,0.0,21.68224796210635,37.41842015616482,19.429103905432484
3719,0.0,16.46942508641653,43.88368319591453,16.494854774280235
3720,23.454522709627376,26.55720411956692,36.04704894555325,31.63196685166467
3721,16.69201838388703,8.651963588360921,34.971099538379,32.1257447939478
3722,12.655487674806981,8.268047468482953,0.0,19.87288871657247
3723,0,12.293496873540011,0.0,32.98931514490306
3724,0.0,11.147211763951137,43.1071223394029,33.920025077291164
3725,0.0,18.1973595228525,40.68470746843084,21.958995418626827
3726,0.0,45.7973440314272,0.0,21.847748325911233
3727,0.0,12.756000438896583,26.490902979847746,31.569790052403985
3728,26.13821653825932,33.526179853269504,61.438493755530956,32.61019484536621
3729,0,35.528758797959824,25.161770887929542,15.798710974150643
3730,0.0,0,43.64668396264321,16.731051547324057
3731,0.19839801129401602,28.42060836486663,52.930632730629576,30.13428974041595
3732,5.691092022054875,24.60801783820726,50.746733417416856,18.502070790697974
3733,0.0,0.0,0,30.1249199169767
3734,0,17.055449563721314,21.52493838950751,34.52255556772201
3735,19.82887868862037,13.13456461430089,0,17.50051254155248
3736,0.0,8.49800223490592,38.1446961684047,24.381945175328845
3737,0.0,25.4394632639621,39.40155016002705,14.194320678225738
3738,46.35410512021012,13.907491072621267,0.0,14.077522428752738
3739,0.0,9.728717243549617,0.0,31.123734715671997
3740,0.0,15.156808597965888,29.97422330469973,31.816933683616387
3741,0.0,21.296540188037106,0,21.300863493974745
3742,12.123576384970935,44.37280191536559,0,21.25210509183675
3743,0,0.0,24.882809886607262,27.06275622786176
3744,0.0,12.302024232454569,26.64513000705155,16.122347344662536
3745,39.10506362480843,8.080437128702313,24.26895176883837,51.87807068860366
3746,0.0,10.124778544272262,36.4857065468014,20.425029519765644
3747,25.63106960364923,14.110391968696732,31.547929332632542,25.776821324041684
3748,2.02102635132027,9.336460279741319,0.0,17.419503030023904
3749,0,7.393924873135428,0,14.821676459632025
3750,0.0,11.669507056292968,0.0,23.802888945234834
3751,0.0,44.56501440338159,0.0,27.180641568326703
3752,25.735314079659815,6.571055966988288,19.23824230934647,14.767402466512607
3753,0.0,54.74050765979199,0.0,29.949817954136176
3754,0,0,21.425914518580953,31.62861720713761
3755,0.0,28.577627891023962,51.381200505968124,56.35709417092854
3756,0.0,7.4645626935588,0.0,30.759959130358055
3757,0.0,38.71898930485211,0.0,22.896320901622417
3758,4.931902221982746,12.048645716982548,44.47457567934397,19.58297237400775
3759,59.74414791057426,40.69709063241467,28.452913953767887,30.441300497603976
3760,0.0,33.05304316750279,0.0,22.25523827172364
3761,0,33.999482699201046,33.20194787822005,27.595964520107433
3762,32.44860432773567,45.48173999241563,46.48634731199214,23.768438720760628
3763,0,40.5592401690147,0.0,15.006803607283665
3764,0,21.848538414293703,41.44784446174841,11.641731429813397
3765,0,0,41.1503080519988,24.858051859641694
3766,57.702547380854774,33.27574406126611,37.05016731199864,38.46318225012732
3767,28.60617341479874,0,18.27369574457574,27.110504491665033
3768,12.22303977605651,27.110373802731022,35.215089569215245,20.65000665799105
3769,0.0,8.340843147118692,20.539750256107176,11.79083861875441
3770,0.0,0,46.07055773147016,20.538849002191398
3771,20.850935654596203,5.527937996295262,37.903427466001816,32.10356520254578
3772,0,10.206760540877779,26.08449569728056,25.889167966489055
3773,13.935898453050822,0.0,25.160619147254337,21.886319914000005
3774,5.006716449030458,32.610319287981625,62.877767721144124,19.283242004620774
3775,0.0,20.802754529715333,0,6.591761534889674
3776,0,22.427265315085137,39.06505193975374,27.7487606326557
3777,0.0,0,53.203092085734276,19.028536412034168
3778,0.0,28.086936425796193,43.1110106325579,13.21869217788428
3779,13.82929284532846,0,0.0,15.650227042695526
3780,10.388610699110023,35.248220267250716,0.0,35.25881824801949
3781,0.0,0,22.590861280028857,26.779686052619883
3782,18.32570972341914,6.7299634127275425,0.0,33.17910804483595
3783,0.0,10.413388703371936,46.11591283225357,0
3784,6.741571397871102,9.636246986536008,53.84053345230564,20.780438891860204
3785,0.0,26.24937287720123,24.1242932569064,23.913602378504066
3786,0.0,26.089379479882204,11.6977840096522,28.030373218325895
3787,0,11.043606119073269,23.530536532341625,12.59518672068702
3788,0.0,8.941122772069118,0,28.720313270732927
3789,42.006020328266985,12.241505665390754,36.07545746628806,12.746460163446208
3790,0.0,22.772785824242515,52.38790726003898,31.223964212026733
3791,46.065542667397054,11.960402531937714,0.0,14.680399870857027
3792,0.0,0,21.60040943644433,27.823292465422945
3793,0.0,0,33.62735221972378,19.45535166077488
3794,0.0,7.837115172388744,29.678757315926873,18.317815233360914
3795,0.0,10.530692904955274,46.04366703616389,23.853375925002666
3796,0.0,9.623442838759939,33.08179031082829,26.51201527184177
3797,31.61463290093703,0,0.0,18.10737360356297
3798,0.0,13.585522511063505,0,33.431400757423624
3799,0.0,24.64823255187005,0.0,40.15390165869891
3800,0.0,34.95142189123398,32.14259824866294,14.091218902447517
3801,27.767175239331863,12.744723922390003,30.315320469382023,17.26750548316413
3802,0.0,0,0.0,18.814002486449795
3803,0.0,49.53809407405359,59.52931308229314,24.43935034955012
3804,0,12.22691701064585,0.0,31.031054507242025
3805,0.0,17.152641455404698,41.46205649168738,25.779441809517905
3806,0,21.766281921076292,0.0,24.062628502622996
3807,34.54767828914533,0,0,17.1160660372223
3808,24.135904168915197,9.242184352796555,30.152998701143495,32.0149618728139
3809,0.0,0,0.0,16.709368653591067
3810,0.0,29.59351127124889,0.0,18.321348365781418
3811,41.99335018153014,35.5998117397635,26.641460355795815,21.83295392405875
3812,17.70179086355516,10.125466721765841,0.0,22.99295691731423
3813,0.0,20.873699020479997,0,25.06973147662624
3814,35.22783182728696,8.250297718908314,0.0,15.336605145562157
3815,7.477606741970279,24.79792467671702,64.10830753797778,10.924143058562633
3816,42.03835420901153,0,0.0,22.14849492697622
3817,0.0,14.210441321439953,0.0,26.83574455017906
3818,38.484603405571164,10.788933036676024,55.25556839999791,16.111584810385267
3819,0.0,12.43124974458945,32.559988584457955,28.08539083534608
3820,0,14.504978370804679,0,18.10876125357419
3821,0.0,9.301425221301596,43.77874417219067,20.131344052490704
3822,0.0,48.40295839278701,37.620672879783704,26.503590007506165
3823,23.08147407379894,38.04744148793993,0.0,41.16404786673724
3824,0,42.17393955459235,57.12127454194548,24.030048000372222
3825,0.0,0,58.0290068399934,26.61428765708844
3826,0.0,29.642197634796673,14.872393591296415,19.331204447922552
3827,20.12457123722081,0,21.02530106995319,26.54525209341504
3828,17.049169581345982,17.530239113702436,45.78509597718736,19.164928374295346
3829,16.89724430519766,11.99607675435299,44.78271962440855,16.126616753995087
3830,0.0,29.742034535310346,0,27.258669482384658
3831,29.237158396613957,0,0.0,17.51284917487993
3832,11.879998238776015,7.281491213466866,0.0,24.32768928444673
3833,0.0,0,0.0,22.005384257245613
3834,0.0,17.692489347888934,0,12.598837836413125
3835,0.0,29.48086149587404,34.83460519349616,24.502178199673885
3836,0.0,8.69943195882802,45.822034213595096,25.46437707990168
3837,0.0,23.276041464397704,18.701742431345433,38.258352701127535
3838,0.0,8.659761696845251,0.0,26.7016998297431
3839,0.0,17.510928215426414,59.373194423063325,21.3931598626036
3840,0.0,45.05957104630971,21.86057875352892,23.684561842814496
3841,55.509251127154116,16.06517075122658,18.97083819929669,25.121058981916985
3842,37.5700739703031,17.930159334862417,0,28.945225743722656
3843,0.0,20.394573422335732,22.759983701462808,20.905241723964327
3844,0.0,13.085967056250292,0.0,30.08061273249268
3845,17.914888032872437,0,20.3680263474795,16.87890185283818
3846,0.0,0,0,33.79205689632735
3847,25.72288126024625,32.82160614048011,0.0,24.93191299956853
3848,0,14.124135870579064,0,13.04824800731691
3849,0.0,10.426918274978835,41.59903648117427,33.43851365972364
3850,0.0,11.16743950147831,46.86993239480497,7.20256919979834
3851,13.526153890641982,16.466056576986894,81.41346998548634,16.10726622009541
3852,0.0,14.24315657555132,0.0,25.659488737164473
3853,0,24.188988034463478,34.860078568755036,24.286633629756714
3854,0.0,11.431703273486157,0.0,34.47641479590397
3855,0.0,20.207494748747173,35.51574495468096,39.11232808850856
3856,19.717483455466418,32.74363214576523,0.0,14.623645149816351
3857,15.976522523877783,0,46.2206269193014,16.96694430891282
3858,10.988787251111646,26.477538660232753,26.72104233651946,24.137989470150313
3859,30.146051486262888,21.936326749316834,0.0,21.849930140299215
3860,30.153234910069305,40.887687339354954,0,28.405465999478565
3861,27.193912883520902,10.686688075373514,31.624840645259837,23.68461368818325
3862,0.0,32.914623729407445,0.0,24.07963334827746
3863,0.0,24.04681885525673,54.302516617955206,36.49234781816988
3864,0.0,7.433257130977202,60.80362639462911,43.53811657110054
3865,1.7102277656072724,14.05646994431599,58.55612327625561,11.492413633215204
3866,0.0,31.46001724404008,18.221244385707067,23.228223497390655
3867,4.429952550030918,0,0.0,27.25309231849924
3868,27.99680692024775,10.297173301880928,0,20.261533966834673
3869,0,33.78186827634974,0.0,22.335558888301787
3870,33.10942630595631,15.768157680849022,0.0,24.868067650398842
3871,0.0,8.868252740048126,33.08620855539578,28.725953253409447
3872,0.0,25.20863948084589,33.67032239149469,19.687600524701086
3873,0,5.556787877155814,28.98754855332034,20.10989568231181
3874,0.0,10.613527744431813,46.45075391886103,23.380626394985484
3875,10.063354871022035,36.629330129971684,63.097900853251176,29.003640211567692
3876,6.556097067932805,11.587459746483441,37.00589497001439,31.246127276755484
3877,0.0,34.806405968915875,46.99268083767891,26.457492585841297
3878,0.0,12.589546130744022,0,25.081833630970017
3879,0,23.190998701728287,23.606834422214014,22.174566568954823
3880,0,10.041284513225175,0.0,17.884936266464006
3881,35.50054931036335,30.451383640445442,0.0,23.065516644794815
3882,0.0,31.580029435354888,28.554690293079535,23.457929189820014
3883,27.59904447596376,15.044358738329825,0.0,28.012485789461874
3884,0.0,10.554712659966231,0.0,22.83525957248231
3885,28.999236342710685,15.137600133078466,0.0,22.19006785405713
3886,0.0,10.193116483712437,33.089706755540185,21.376209787162935
3887,14.874754174067483,8.897343219678842,34.20853073327662,25.12237327455669
3888,0.0,8.235606726470026,0.0,27.926570847782777
3889,0.0,18.564179982141457,0.0,21.46823826856494
3890,28.84169009956955,0.0,26.646481202723447,39.306448705992544
3891,0.0,17.30011301910718,43.174486180604276,20.544700123439952
3892,11.242196103207894,37.4174866120352,31.29054723217701,17.84308854970827
3893,35.150907783884264,23.04821481142214,0.0,32.58295199415167
3894,16.6619461167148,28.173588698883385,47.03969198324463,15.61761939712732
3895,30.97642528248424,12.948694442947215,0.0,26.474181447354496
3896,0.0,12.959887926364651,43.440328606699396,20.346662492640572
3897,26.48883051716827,9.247053010775055,45.71024649726003,18.153505731402415
3898,12.461121608841736,33.653204337098884,32.23115524222996,18.35365645324252
3899,0.0,11.458414616486401,34.04497537115386,24.89249905453289
3900,10.279875140411528,30.988592338771593,26.71813977446655,15.361405794105332
3901,40.05728285064525,11.121287333498003,0,17.948034367563636
3902,9.127517098175911,12.388375216118183,42.78800627401259,41.29432745480015
3903,0.0,20.011656322435798,35.835656591087464,35.815927904683306
3904,24.429712012920792,0,46.318290075025324,19.67565730025656
3905,0.0,13.108234438810994,0.0,28.2146838244187
3906,43.48754595093459,5.981854800853577,32.06190465506394,27.08320653118335
3907,0.0,53.402916806161876,0.0,14.802843706352267
3908,29.462943238722783,24.478856785234953,32.355572826760415,25.69967193604834
3909,0.0,31.38984454876927,0.0,18.74320867330072
3910,0.0,38.707677021621,0.0,32.60222076595551
3911,0,17.714638209032884,33.37565448067505,28.456155699080664
3912,0.0,11.095384955775593,48.148620509527426,19.16947482602084
3913,42.807964620874046,15.697740445653896,27.729382911183077,25.40906843061913
3914,0,10.346169956069092,0.0,23.260460201568343
3915,0.0,10.765220509169954,0.0,16.3714187213949
3916,19.397086201689064,0,23.492895640624432,9.48885130148474
3917,0,26.171896382534328,0.0,26.719539859298862
3918,0,32.161251183108014,65.64334285198196,29.78803743401533
3919,4.711515317228837,15.693163433187877,0.0,17.127739601234698
3920,0,16.536066357641406,36.949118599124645,27.540318754566258
3921,10.852749509046026,0.0,0,17.82642934029268
3922,3.581245147628753,15.470511344803246,24.87119886630288,21.851475031196205
3923,0.0,18.136474332229646,0.0,24.30232014738533
3924,29.60020163710468,0,0.0,22.623980815372903
3925,0,9.997036856557996,55.162767284179715,30.000695416372636
3926,0,11.49059357196305,53.24392245053757,25.903297201092364
3927,0,23.292953803672575,26.193674286410612,20.870055381328072
3928,0.0,42.698326935210375,0.0,28.021304034147988
3929,0,0,20.93528754172056,17.897404974826536
3930,0.0,7.504689964835655,40.164733262872474,13.27017117115882
3931,42.518442556930154,0,0.0,26.533905186596844
3932,30.213263057234094,30.839668989776904,0.0,16.72681436276933
3933,31.959875964978316,15.47793568115541,25.809732968660885,27.242869483413052
3934,36.23677593635619,28.140761428395646,22.486341150939168,14.88534056786273
3935,15.03551209180237,26.19929790519195,0.0,26.850564586838807
3936,42.756428316200804,21.953802668753408,0.0,26.561197626267926
3937,45.2487778717206,0,0.0,25.172401375071733
3938,12.837881024959502,33.08029576968483,52.8063695323418,25.903348079228607
3939,0.0,13.080353308891201,0.0,18.694601527838113
3940,0,42.05748395933221,47.5777501860766,18.414246073254
3941,18.24632148604948,17.086651871401045,34.238690936451924,29.394994063955917
3942,0.0,14.919749022984774,0,27.675709239098335
3943,18.959228047381245,23.440464073796143,0.0,32.357250778363145
3944,16.06166443662984,9.724697171531858,50.03232114749728,19.370389542726862
3945,11.16273895903986,23.40120948623091,58.06122072726234,22.389616385843468
3946,0.0,29.021792739395984,29.986574425968428,26.029965985270856
3947,38.96612693654178,7.774924241755116,29.8760023593288,17.71489027598972
3948,0.0,33.27538503804548,0,24.636838436106714
3949,0.0,39.37640175850899,0.0,18.005149406105613
3950,0.0,13.05854156442841,63.57696384018956,33.271324497191884
3951,0.0,33.1628983871348,26.777146468306967,22.844506264115424
3952,0.0,23.68168855658279,31.065970575170336,16.132012873866735
3953,33.2773133149402,27.191735900534315,32.730152794324944,30.92606021606082
3954,22.322365287942105,27.30165807117331,23.915843202627894,22.27324532789609
3955,16.675035847752415,32.61653894439481,0,25.837364989688606
3956,4.871718430977328,24.517772906391126,65.60872900380086,17.71198268163688
3957,0.0512001041622856,25.03056960002151,0.0,40.238442529971266
3958,0.0,0,37.12217827953902,9.2111913178248
3959,27.352636358426892,12.106620178805924,27.919552338971993,28.211221251490212
3960,45.20314632734072,0,54.0834901002929,24.329081306487275
3961,10.123401143739537,0,0.0,13.958456832399103
3962,0.0,0,0,13.624123951439488
3963,0.0,19.36510969130802,0.0,23.035775927578666
3964,0.0,11.585572664299912,42.611852809918524,24.98662995232365
3965,44.81267444819288,41.057533223641535,46.945263280917985,35.216554712104525
3966,34.74815941055167,0,64.37021232440277,25.03689800114114
3967,12.185012702101243,19.78213884081833,0,18.67739591493825
3968,0.0,13.947238141822394,42.85652144271874,11.407388612822105
3969,0.0,25.85420691816488,47.66347766245953,26.477879058342303
3970,0.0,15.837328818672539,23.084073116200756,37.282556658915425
3971,39.00170855417462,22.839695846827706,0.0,19.014263981994585
3972,8.440659048807467,44.776903164658485,0.0,13.44419715810325
3973,29.086820703251686,25.113665409507494,0.0,39.686311404681355
3974,0.0,5.771267367098049,45.19023073999603,24.609422069950252
3975,0.0,30.427046481768535,0,31.770163914529945
3976,42.14284228969914,49.933058704922765,53.072840361556224,36.07954300643612
3977,0.0,10.724929920457281,0.0,25.30867443340435
3978,0,22.496069028616237,26.226368154094068,22.13306981767909
3979,39.45107090708676,0,26.01613314093799,30.444366106167138
3980,0,38.43004487168867,0,23.495554171445015
3981,0,11.854074296463796,0.0,21.58232028942008
3982,5.972495204893268,21.698421126273765,39.61180922538295,38.17471704606869
3983,7.842959865385154,24.346938684405927,28.835198970486253,29.719668569521335
3984,23.667322298264853,0,30.68204293036027,22.00705531244165
3985,0.0,23.321452982182688,36.26489081193643,21.675465305088014
3986,0.0,32.01846138946938,0.0,26.494188656883125
3987,0,7.689834964020571,26.181082652718647,21.644417223703073
3988,0.0,24.771746026612497,66.3452940569173,14.28387978819465
3989,0.2121109117730555,24.563684782503895,0,13.495423898344892
3990,19.213361108598523,9.820455144815389,0.0,27.877294454729956
3991,0.0,28.395658861654688,31.543954524015113,16.098797084198655
3992,6.008559926941508,32.25479820650211,28.07368901684424,24.79542459963012
3993,0.0,9.435560867016154,44.284717061381194,31.653257781743623
3994,0,38.81872923080474,37.70444585821293,39.22283888453626
3995,0,11.12442532098695,0.0,21.697329158581166
3996,0.0,31.390327409396118,24.392677663474842,19.184594207537582
3997,0.0,7.722232516403267,27.11994831194709,25.401106725294557
3998,11.510303406775714,42.63552882435767,24.854784701604917,29.49772263724089
3999,0,38.98147446758168,60.60498289741765,20.407489416600924
4000,0,31.388694508743395,55.42949784015514,30.48629751829879
4001,30.856162468827904,0,0.0,29.410546670310538
4002,0.0,16.199155653001572,0.0,30.27459361881273
4003,30.063291411755536,11.522502092815657,46.436184110675555,26.648736849037807
4004,0,25.878494604467335,22.27722502129114,29.54786181597716
4005,31.352933103092177,12.08195795345415,34.73934505112709,20.688416882360542
4006,36.466842110383055,9.98797593540173,29.42708702474861,25.83141543547358
4007,0.0,24.027658644974785,25.095422391838802,29.661436129837575
4008,0.0,18.42721864237529,24.020054185774434,17.172826257012364
4009,0.0,29.27876044438919,0.0,9.158609510915765
4010,21.09995828883014,24.375805844826214,26.130205928415613,7.586442602703742
4011,0,11.096491817567816,53.438159051536765,24.022373574423135
4012,0.0,0.0,11.971112938894967,26.726864835706195
4013,0.0,6.8986068157791625,0.0,21.440140722616263
4014,12.368854052877369,41.183931360418605,20.077363702568277,19.47545356407843
4015,0.0,0,0,22.805285893331543
4016,44.8092548502853,10.382859561010171,49.61456201379037,30.608328905706703
4017,0.0,8.269762879092442,44.66391473477036,22.82348848449484
4018,27.1721584459547,36.375650604333885,0.0,33.317427929805106
4019,23.90900184576,14.999673032967172,44.15099207813533,20.034170501094703
4020,0.0,11.481749661534797,50.622366086578545,29.122103038740583
4021,32.85629535401275,22.074427105371495,34.61061682520854,25.1981749727357
4022,0,27.99704222803891,0.0,18.79922974213585
4023,7.616903579194803,14.569355412766953,30.310102541984687,17.581731747321218
4024,0,15.236380159653901,0.0,19.52960114805415
4025,12.57608981529459,37.01954413510516,24.823723407371787,16.70171039131758
4026,0.0,7.935188513760117,24.17497834838822,31.658679399461626
4027,0.0,15.989872582506248,29.233844467771895,28.309212985270968
4028,37.85805532585114,20.071428904284616,0.0,16.46592116070708
4029,0.0,16.656674943986093,40.66839008005829,14.586030174027947
4030,0.0,0.0,40.05142248889776,27.271903796579462
4031,0,29.96722846813823,0.0,16.732528992003758
4032,38.299203476656196,40.47082826904017,0,17.63721940806375
4033,0.0,13.49715909804336,0,23.303249082540088
4034,11.96319991510138,18.722627123115625,34.46018403850409,15.847083371705702
4035,0.0,33.88190469010883,50.72226308239263,12.797740376264494
4036,22.632071403047693,12.544859663195586,33.49591627708706,12.993672895501225
4037,0.0,18.488067680910174,0.0,21.761653669288346
4038,32.28700779733355,43.76069039861717,43.66132858433365,25.49033899114055
4039,0.0,28.69770253162428,0,19.698310012381732
4040,0.0,7.749981213749373,0.0,24.88391669930322
4041,0.0,18.45751068191759,35.58043623162008,27.190889738809393
4042,36.19753613919519,34.55579501478306,28.77105316649511,31.61916338816272
4043,17.344364324900614,0,41.85216635970007,23.66146238136796
4044,28.545727451185275,42.68879379865174,34.28524065740125,23.012177767912142
4045,0,31.12251682937441,48.87561952819294,17.9120788320046
4046,0.0,9.552111465030476,34.66615486231453,29.260312475690707
4047,0.0,10.73128827988071,0,30.193277921892225
4048,0.0,15.931296047533108,21.782791897530156,21.322351101714574
4049,0.0,0,23.59803072252502,15.750443051842515
4050,0.0,27.07721661639947,37.017724496271676,24.307724282478425
4051,10.84278167999366,7.991217855159853,41.16193707270363,29.271560008504515
4052,0.0,22.927728141980854,33.21908860720013,23.958488136355324
4053,26.86294814165068,15.108879798815023,34.81227157334903,22.95242691407508
4054,0.0,10.577978639679245,0.0,20.86702188635776
4055,0.0,18.847884041619665,52.58876865269291,21.347666051018756
4056,0.0,0,22.352027467267536,24.42390835238559
4057,0.0,20.065210197177645,30.72729485892309,28.832707563081375
4058,0.0,17.42901824573674,43.8536930374123,19.496847430087943
4059,0,15.315042148480995,45.643449380184514,25.47061474133893
4060,36.610520576302136,30.799621314422406,34.647459460491525,20.427358869095748
4061,0.0,34.44555015356249,0,25.7476700904341
4062,7.594593151941621,11.714872240249386,0.0,24.02387380886144
4063,0.0,0.0,44.98697554500637,27.8404694412876
4064,20.52032584115867,14.747796124044594,0,20.512026160771654
4065,0.0,7.77461072427235,24.47926992891205,25.810635944612915
4066,0.0,8.387629705384244,40.251202588900384,22.667933357343085
4067,0,9.256284354673449,34.97966291048911,20.552332153898835
4068,10.710878031336122,13.922365282352677,30.868982616048672,18.805906395183495
4069,30.818570711902307,24.669449621843423,0.0,18.052609785319728
4070,0.0,14.211819925341336,22.1291689115624,27.421364983402622
4071,0.0,0,0.0,25.71882049899717
4072,0,23.538194322195814,25.897344123851422,32.07181356065556
4073,0,51.37061780001651,0,18.91330292564548
4074,9.640558882737457,13.407313346433437,32.903921600982,20.009575189990112
4075,41.74000355262579,19.366823662826693,36.33102988863533,24.010010679100553
4076,3.275568422145005,19.215384216543175,48.00549072917082,20.605781590760163
4077,19.750665607283263,0,59.531687473421435,26.963144434817828
4078,24.73558456353997,10.294712562846364,0.0,32.8819459248147
4079,0,42.2359210535094,37.83094973877959,29.184465059151147
4080,0.0,45.627081071674624,0.0,25.584271176706284
4081,0.0,8.644132539473752,39.42456808073684,19.868930683334952
4082,0.0,37.999914634867494,36.747282520047605,32.118665298853706
4083,29.210921144184926,8.61095382653251,0,20.508315657064013
4084,29.300555918302866,22.38807128632883,0.0,24.465531308476944
4085,0.0,34.38991800891785,0,28.10972877262096
4086,35.50475982357913,30.37589259288422,0.0,19.387386457824793
4087,5.77928493794524,21.091328040278636,0.0,13.99438147870699
4088,0.0,12.526583431698045,20.595399715283172,20.798885327944113
4089,20.689771445092454,24.228556719235808,50.82386564495089,16.048125001056153
4090,1.7440088405228795,8.562351355677038,26.548195549658054,24.069324999085072
4091,56.37068947099672,32.72961695274145,0.0,41.81694240096198
4092,0.0,6.72112868406745,0.0,38.33424821132379
4093,25.648329316254237,14.36620455289501,0.0,20.705008174254026
4094,12.270817671965121,36.42088854085186,30.021458630970983,21.92795923871724
4095,0,27.721334017932016,28.347410879982785,19.175519487814192
4096,0.0,7.214446105248092,0.0,24.923245626459163
4097,0.0,15.798655671235284,25.178534854776707,26.067070639554238
4098,0.0,19.925990248050763,0.0,29.988134780500417
4099,0.0,0,23.918772872913408,13.798725293625353
4100,7.200006074715204,45.94684528526104,0.0,28.6125273590026
4101,0.0,42.740203701790236,28.80614831150737,22.799843802168095
4102,0.0,15.25433828827216,42.177531127764695,18.602432719569997
4103,0.0,38.00549583351036,43.030772590855726,20.188438152802643
4104,3.9311076924963313,14.971181464711675,0.0,28.53029543987798
4105,0,27.73073627894218,33.43015938904302,19.781252618111154
4106,38.18664716538416,15.564734159749232,47.269432032087636,21.336376915624008
4107,19.237934741556604,7.716523329054719,40.89396688699184,23.644754322938166
4108,26.255128207949916,30.13865861680563,47.256595642549385,21.55531689407684
4109,0.0,36.78920141014853,71.79901583537793,24.32083558148358
4110,10.87214929062272,18.666378090182036,21.941475320294813,11.02572054187947
4111,17.036141734440637,24.967090294878165,27.337171393275874,27.438208336590037
4112,0.0,0.0,33.83782882397121,26.257107221603892
4113,0.0,9.51031462807477,50.75708974020685,21.108335462861113
4114,13.54765893939985,15.965290888869655,0.0,15.642860639905862
4115,0.1400547201079873,14.369119689976424,28.525250044759122,13.766928447782218
4116,0.0,32.769505972926254,0.0,23.74074832510204
4117,40.73582388125842,9.564347518603785,43.364289418619215,28.28698432490708
4118,29.759672610290327,14.981069052003914,0.0,21.149115045406926
4119,0.0,10.97842248644529,28.04444184382654,22.825871917753545
4120,0,8.635936762021457,25.044140177789618,20.075645275978392
4121,32.44215691183889,13.187286034976228,49.6518411811602,25.552440507341338
4122,0.0,8.036700934337842,0.0,26.522796492590796
4123,35.845604878800934,16.754682163424448,0.4431187288024785,33.4364446952052
4124,16.083048628769014,0,0,18.000124701804157
4125,0.0,21.71526973055002,0.0,26.744079706151364
4126,31.897832570492294,16.053684309157894,41.40968804637114,33.181260560613154
4127,0,10.733969789789327,0,27.13462760743848
4128,0.0,8.510091170805545,0,17.46035901362801
4129,0.0,47.768433405172,49.126063886347936,26.426333144588945
4130,19.765344778304573,0,35.639392179820625,18.896419901466828
4131,0,28.29971919661238,0.0,22.027788389913635
4132,0.0,0,34.42825277614801,34.32521662253121
4133,40.41622270836176,34.54180871087228,50.911512422877905,36.282241499580984
4134,32.87224076607508,13.580168031568892,25.046898546474207,42.18766853515263
4135,26.531849959323363,15.081139085146472,45.188664417095104,21.263423234339477
4136,0.0,18.045223875170255,64.28314040347324,28.658657296970336
4137,0.0,17.20620542642181,0.0,23.732347807298208
4138,31.35613873573806,24.02917088781195,0,27.974157713797172
4139,0.0,15.504826771814052,36.33301912463855,29.28502814130988
4140,35.51524673959546,8.108353125086223,67.50194353670727,21.97907543204856
4141,0.0,30.833384113875198,35.16563522551419,22.152001987972284
4142,0.0,40.52662841408206,42.597262143676744,23.668835811217047
4143,0.0,0,32.77571681025316,27.17045384719043
4144,0,0,0.0,29.011493858269507
4145,0.0,0,0.0,28.536550047974107
4146,14.514107201558327,0,23.80476413622373,26.482639358180837
4147,29.729467927291253,25.20644393179296,38.25307758671949,29.502752680000988
4148,9.04042465347592,41.981476870046,55.00359656599944,29.906975492693547
4149,0,12.630402975064957,30.187216999442242,19.745019822931212
4150,0,9.895221150277612,40.82760839087925,17.147710585114908
4151,17.677539789683724,53.90836955692455,0,18.47856962099192
4152,0.0,0,0.0,0.0
4153,0.0,19.072509163455738,32.224671944225925,26.032599684830775
4154,0.0,27.265669913967,31.1446272135869,25.50990877077017
4155,0,9.05929047064613,29.107126187228733,19.688004738830116
4156,32.80692510877101,12.303998725248126,28.081947402864785,24.270316135460206
4157,14.529536020953923,27.23022986889614,41.421754299443464,27.451994704592238
4158,43.84634737729418,16.006654200224027,0.0,26.472982861362777
4159,0.0,49.15986849342476,0.0,25.12629151019032
4160,0.0,20.70215773735314,39.17326299103776,24.16222273946442
4161,0.0,30.918663305665014,41.523268583615206,29.156001520903754
4162,0.7338309019709206,14.064809701116193,29.332243233815216,17.111005944401906
4163,48.047859482151445,34.23078451012429,0.0,26.09300239653856
4164,35.572780101494104,8.735864902120396,0.0,29.120523033452645
4165,7.453218390597912,10.319649739746538,40.17593347918468,23.56426614182106
4166,0.0,38.314414671641636,46.02469969442981,16.57978759043585
4167,0.0,0.0,34.214104863284426,9.178639795037133
4168,27.21765977828971,8.324230289924618,31.873867300631346,10.508951725010158
4169,0.0,26.799132856630948,33.100520872424056,25.371571603933965
4170,36.26104739054138,43.7950116397126,0.0,19.85865266005097
4171,17.906449456091778,17.618370376728503,0.0,16.434228732939737
4172,0.0,7.802944967613428,44.46249835896218,10.396993692572167
4173,0.0,14.523577368957143,23.566464936886387,33.309706740677264
4174,39.56390162705017,32.15701109517479,0,10.248829698080188
4175,11.037294149518361,42.870184598801266,29.112930144392987,26.998928490408872
4176,28.352079533983957,56.675985366611926,58.17919351121124,27.16674880536624
4177,39.19409400664636,52.913957059660895,41.08858121625348,18.732059037492412
4178,21.53363195935346,9.224532006140162,56.71559547125778,28.954862383835376
4179,20.990763612456714,11.957400024033724,17.36973281031345,16.249391476376935
4180,0.0,8.979336467946498,0.0,16.179068784088972
4181,9.355345925579677,0.0,38.15969384512336,22.448329441675895
4182,0,19.367248453612294,28.66234588639662,39.41865880902806
4183,10.785144631984336,0,44.30050274359939,26.29391093649284
4184,16.548198863160685,15.411202605575602,66.47838866575748,20.113182714594107
4185,0.0,16.907205674019536,0,21.158742333362365
4186,43.59271474407887,12.350551231019407,21.925171896454273,18.70445215766009
4187,0.0,13.631238912462505,0.0,7.36251472401663
4188,3.4645487266311865,9.087354818998133,38.422712930592674,19.476506744203373
4189,0,18.374976711515163,32.285006494642225,15.54749887313264
4190,20.991909323542078,11.403908681346747,47.483177520786676,27.244788938886057
4191,0,11.023223926578385,0,18.84587069956839
4192,18.350276214667964,0,72.25732460040463,19.845616293814995
4193,9.823793585206355,10.537680902480908,36.26567585917025,28.19799895393196
4194,14.661623803701088,15.631369806929987,39.885761680904004,14.040934529485131
4195,0.0,10.918143280630387,26.7269672929032,6.031579139111324
4196,20.54916666511527,15.591960100582975,0.0,21.75380654879892
4197,12.009363879727083,30.496371134080086,29.742110253640057,16.905673032263184
4198,0.0,32.717533136288736,22.052991877759656,28.79201306157102
4199,0.0,11.871382534996416,35.79983372456183,17.20774557304832
4200,25.350057411324254,9.223999948856335,0.0,28.656322835829304
4201,0.0,14.944375045631023,0.0,20.090930165439154
4202,0.0,12.040606763072333,2.246693362713046,34.52514247312431
4203,0.0,12.491481837467548,25.037750044187735,27.837255941842713
4204,0.0,18.918338497304013,31.43768133032793,27.346371595218006
4205,20.70595731706082,0,38.022969905533415,21.570586879600004
4206,27.295477812477696,18.990083077971203,0.0,31.398578365383326
4207,0.0,24.863677427239494,0,17.551811236118944
4208,25.542335813811782,50.93820049644814,24.653165235099006,22.50032389820007
4209,10.660872018535231,7.551684187728786,32.425094419997,25.784913101116825
4210,0.0,0,34.507851661253085,20.671660317326616
4211,0.0,9.251003803724343,23.016718645670586,21.465334320079645
4212,0.0,11.715521978239206,50.318288231786795,21.443185049155595
4213,0,9.82261996021974,22.07910710291638,32.709297749959276
4214,11.352975788035872,33.45172630583906,27.759701582105944,28.632551592698867
4215,0.0,7.037949626884677,0.0,24.448650147922514
4216,0.0,36.09402311657742,30.386065710655775,22.28140479013958
4217,0.0,20.870374547476693,0,21.55629557986642
4218,19.328781872036153,10.810802531711477,0.0,21.206202028953626
4219,0.0,9.35035163071197,39.816445629695096,22.189314558825835
4220,22.755574110214326,0,31.428939721243882,22.0222794463571
4221,0.0,23.13716870284468,35.11580316413948,35.18793427379354
4222,0.0,17.293883825117064,47.16887051816396,25.269651026125405
4223,14.423450834950902,15.976053738383209,47.73185738812282,24.03993135068326
4224,0.0,9.586949237426271,24.60317307302016,26.20622965898979
4225,0.0,22.45842202499135,0.0,29.244430934283177
4226,12.061085337258122,24.066396611338917,29.12269100257949,43.389220598883874
4227,7.885604504953373,18.237849294304052,37.6762341332058,9.111745996699252
4228,0.0,15.956160285685373,19.35721665675959,22.77847167836439
4229,35.629007070256854,32.700079682976266,0.0,25.595612555190353
4230,0.0,23.66487396275845,38.30973794428236,42.31522013423226
4231,20.002702911062162,16.311114505500846,0.0,15.904820215982774
4232,0.0,11.6702743664393,0.0,15.558475771324787
4233,0.0,0,30.484539987613232,22.017012369408533
4234,0.0,32.877696375846995,0,31.8357787533658
4235,27.643225177711642,19.454142069251603,0.0,16.37637206498448
4236,0.0,35.537501480572786,0.0,17.622645600521462
4237,0,11.485147821448049,0.0,6.555283442688486
4238,13.99642373356556,12.536808693037587,36.740358957053004,19.45184786103929
4239,0.0,37.14543921089541,24.46217172552277,2.4930250876757203
4240,14.38523179849206,21.771417146632366,0.0,17.45064641984657
4241,0.0,16.43050163245564,47.42827410538497,21.08016642229689
4242,0.0,28.7099780410476,51.39825482806432,18.06774464529757
4243,22.241780651756873,12.762797515506879,0.0,11.860581215793273
4244,0.0,32.04510084188427,37.71736300063399,16.411059069599702
4245,38.202098677165736,46.383263069381265,37.94992878038355,29.232024010661988
4246,0.0,29.66262853206018,40.68541364086273,27.339454080052153
4247,0.0,56.204238734280196,0,44.487039299401665
4248,0.0,0,37.88577590226058,25.48059099340257
4249,0.0,48.510242051665564,28.87223305621032,21.936716836521803
4250,0.0,7.019719666105701,55.53407737037646,20.01466318278372
4251,0.0,29.993379528100736,35.26160499856424,29.9101629488369
4252,24.716947510954153,15.523195253413924,0.0,44.31667933390903
4253,0.0,7.797405786511727,0,28.272012860469353
4254,0.0,15.564491081316286,25.746396888585842,41.686820563990544
4255,0.0,13.865889147576562,30.002962991862393,21.073748199125145
4256,0.0,39.57319455220752,38.57091715504883,29.168003588530922
4257,47.43388479437108,12.109341237680889,0.0,19.53704106292676
4258,0.0,16.017025711085434,35.037214016601105,50.40747730559758
4259,43.254109908846274,22.84320066917803,31.374558290011755,19.11076446409741
4260,0.0,0,28.955212199249992,25.347925510318063
4261,15.085708813503063,11.610038312451435,40.64902117937683,16.366608759440624
4262,28.725870826044876,33.92087890307168,24.780508116020172,15.95854470294786
4263,10.184232457607948,46.3057142729654,0,21.672802878154286
4264,0.0,17.0431252802088,0.0,15.258657885191624
4265,0,0.0,30.67050890182849,27.719620646309163
4266,0.0,14.459668189063414,28.8234025797872,18.2954368402791
4267,0.0,18.771815072721807,30.095233288726114,32.651983216738415
4268,8.199720385480235,0,0.0,18.74609401822899
4269,0.0,18.287756778676986,46.13498144937497,35.770301352540315
4270,0.0,9.225799103154378,36.48011008813354,48.34421964533663
4271,19.132309337203164,24.806146396902598,26.6926732486262,18.136075188831814
4272,11.027016758406115,7.896681929688969,0,22.77528998972258
4273,9.26900872360498,10.98485202431126,52.80226632963415,21.41658965043188
4274,5.2040258889340265,18.333934990584194,27.683088774597447,21.344093463599364
4275,0,15.041182303584144,0,26.45626325103858
4276,0.0,17.55872433067349,25.907411245630897,28.19465566822034
4277,27.638871689819172,26.06255844829574,38.37734114499872,25.187309494976915
4278,0.0,13.79023835596321,0,20.857180283230957
4279,10.820769194672502,16.732064470831666,0.0,37.52866225053092
4280,0.0,31.109281175483083,37.30143881086653,24.928611208665107
4281,4.358828287437618,0,25.989233034631997,35.88955151039528
4282,0.0,10.262226184072262,35.41840756431835,8.000671557465084
4283,26.513143861528686,0,51.5193716012388,21.29071203597533
4284,26.923164535678517,18.542818607646023,51.63763234157425,19.31279986926065
4285,0.0,16.063052111352228,41.70761329348782,18.726862800506026
4286,0.0,8.210157393197207,44.17197958576416,22.7836547673384
4287,20.15276593957821,17.67291494969278,40.547474370685805,28.116148975875564
4288,0,12.549199368838867,0.0,25.71520189844171
4289,0,0.0,31.26292569621485,23.796243470600842
4290,17.74666382623826,15.861484838853649,0.0,22.624254933535504
4291,39.60804811535406,30.372123377804915,0.0,25.17616987906394
4292,26.219713951833153,44.03350126750162,29.626988079784752,14.831275281251735
4293,5.71693775505465,26.98168322513133,0.0,16.363513535048018
4294,24.46265968770915,9.900956097841915,46.497138337192446,23.10402730889794
4295,0,24.427269824212164,0.0,37.01957006428021
4296,16.115501954536185,0.0,66.66073076360719,30.76779454904826
4297,21.071668064953055,0,0,21.448463299025043
4298,0.0,36.98627686675011,35.28546000289707,28.377569256200204
4299,0.0,30.026272220765243,37.097840571640766,32.460105820385074
4300,54.45273505414085,11.238708158258987,0,22.168049952756746
4301,0,46.551329464456245,40.45957346524366,24.60522151389449
4302,33.2231192737082,41.59166249394452,0.0,15.996558942497895
4303,0.0,10.086138943857469,0.0,22.729161373644168
4304,0.0,23.168786373147224,54.15363200686094,34.0510285336848
4305,0,16.258492366438713,23.364624536150327,30.5946943952548
4306,21.27237677182326,17.9845559165023,29.045458394430767,30.557012037608178
4307,24.982359561034404,42.11872365352917,29.153814653778443,26.041239381279325
4308,0.0,0,56.49341902970633,30.00342140953426
4309,0.0,20.044633694284013,0,21.294430200871446
4310,18.846224255587273,19.876439159487816,0.0,40.94138770859569
4311,17.926678039480485,10.878870568418366,38.51247702660742,19.925056587119784
4312,0.0,13.017845115898142,41.605527516326205,25.72033681483442
4313,0.0,10.783781599635473,0,15.099759393629773
4314,0.0,9.966180676807255,38.665778840008386,25.59372869797377
4315,0,25.2309292278771,0,22.1247873351091
4316,0.0,49.90469205814893,47.12436975328228,29.618901445460125
4317,36.77084149887844,40.30055623762799,19.979502362958055,14.814058250587792
4318,17.92685416667864,41.69850502014583,41.12309561606065,12.480703039098874
4319,15.719693246391026,8.070707507026535,0.0,22.42299516925224
4320,19.145973123917525,17.59854169047419,0.0,21.735431737457674
4321,42.58462251092427,30.816099668020797,56.24125073217624,10.249323820344971
4322,17.06519384059961,9.344118178057576,32.886249807385404,20.87748634504496
4323,0.0,20.849762703788027,39.34367832497003,25.57273004197167
4324,0.0,22.895549245240495,34.51430193851878,30.090513373424436
4325,0.0,13.394635660642605,31.521626904168013,23.536972071355052
4326,0,8.56299693669256,33.64299393949249,26.740029979891407
4327,28.67289105953089,14.722084570983217,23.42376711867414,12.86353088567597
4328,9.771577725983107,13.310279190749116,29.248186167095113,17.41079033676346
4329,0.0,0.0,31.166167596240044,28.35543245341181
4330,0.0,31.602205880845187,45.29546868612058,22.76765602975504
4331,0.0,0,25.862957019895855,26.30806089156021
4332,0,13.262758359590478,74.7581639019715,32.08017065975072
4333,0.0,34.03636843855188,0.0,15.564153663190604
4334,29.98095223154958,52.91162123234436,74.31074521085034,23.009582444035598
4335,0.0,33.110602203213254,25.98880367738249,26.708770952571
4336,19.61436634046084,39.54181730802057,0.0,22.143619932604558
4337,0,10.73487526789739,78.24479416624867,28.357495205667483
4338,6.729431009112623,8.800335657797099,0.0,11.857111200195368
4339,0.0,40.326428706732216,0.0,20.51545377631342
4340,0.0,29.290398701622095,29.140225339751574,23.88497332994546
4341,31.056627272097074,11.635421689977102,0.07722254377339999,17.92023021774175
4342,41.975961128351834,32.90768385241659,0,38.99249943576741
4343,45.043577355352426,0.0,19.79464081885779,19.650110904175648
4344,0,21.944136458818864,25.030846835098558,24.316666105702808
4345,26.474450775349588,41.31593738971831,61.419833509931,19.191227485373158
4346,0.0,13.055054294694727,0.0,17.354307160488304
4347,0.0,10.248129116110984,49.63625575189907,21.301425771621222
4348,18.72980622245224,7.130174517478378,45.68528935659695,34.863874354354486
4349,26.693609933311674,22.32536611911314,28.45597841787551,19.402604617944178
4350,0.0,18.30101961043911,0,21.59533884213551
4351,10.274626026039224,38.621828918690404,31.619185495569383,25.448790240315216
4352,35.04053677385324,42.533946016184125,44.075225364787826,23.656658059239643
4353,0.0,0,0.0,17.72435939059077
4354,0.0,10.262294508549019,33.908616696599715,19.470280030790743
4355,0.0,20.172351101434497,0.0,21.711436592564787
4356,0.0,22.90100977892541,36.387863809417624,25.877914683618144
4357,0.0,10.791882757841577,35.22973590425046,12.377124786092653
4358,36.42627112886948,31.569890344984017,41.79972532102162,37.02743117205454
4359,0.0,12.843741565940281,25.492481990732898,17.037436016039752
4360,0.0,23.234094222545547,0,28.442433124959866
4361,0.0,13.638211765153306,4.03792381778079,24.261552878972154
4362,0.0,34.90821871640569,28.10743241858104,29.61641711957544
4363,26.54490395822319,11.32269148842103,31.443419460239117,24.4515843690833
4364,0.0,11.499932982163273,56.47222914741602,19.59423191013793
4365,24.632730041680695,10.812416364014284,39.96779922943493,16.04978349794955
4366,41.931852866987064,29.600292306168804,0.0,18.921098060362304
4367,0.0,0,25.519810559161133,22.853236729239796
4368,39.12035177374352,0,0.0,25.172750747397213
4369,0.0,31.549465310810234,41.26395607793091,22.60892855353866
4370,20.135812304651097,13.847901828340754,41.68481390534381,24.6365976909043
4371,25.48886701150876,16.716951127417744,0,36.60022221083146
4372,4.096726267957004,17.613923034748556,62.834797022237154,18.6496747604958
4373,0.0,9.8102989208545,32.71425656384305,23.735090316091284
4374,0.0,8.691550279070508,26.224934313424836,14.696700918854605
4375,0.0,28.738458370613,0,31.867553811411963
4376,0.0,9.39510489301085,0.0,24.990035164274662
4377,0.0,0,0.0,38.80849384258413
4378,0.0,14.209633831223075,43.94720858067251,15.087483203452809
4379,8.543403539042334,7.583455715025442,39.25600530930982,34.73891531376651
4380,0.0,0.0,40.74555392186921,28.113251421542444
4381,23.212581239711515,14.646708064095852,78.96076412361049,29.728981950048016
4382,0.0,23.389917850847855,43.893671361014405,18.231248237978008
4383,35.04435210383892,7.734398151690843,33.80420485468883,29.11938637260126
4384,0.0,23.32634718082798,22.932463138960355,22.322971243571146
4385,16.030486219727138,15.07747103460341,42.77586373049243,6.631289813063972
4386,14.969284910767614,0,0.0,19.483961056081345
4387,16.489163001559458,24.524463314750896,0,27.799801197385637
4388,11.163496795736014,20.350682268659078,0.0,23.504880936856974
4389,17.477194400787422,10.513223217356385,34.329303098103495,28.637503562960827
4390,0,11.489821137956994,0.0,7.68337263742153
4391,0,8.171597137401738,32.20373310835088,25.162338181558727
4392,18.86995365346532,32.66813070218212,24.462320743818005,14.202622598395513
4393,43.599268629313535,9.555881973921737,0,10.249226303236636
4394,0.0,24.1536501097819,0,10.60602245783611
4395,15.597572672713742,21.5859454040319,0.0,19.69011106135043
4396,0.5113986096468567,0,32.4275934375676,15.083084291535723
4397,7.032628210042259,10.933220720092015,24.67705683208739,16.936874654854734
4398,0.0,13.267687689791117,0,30.536563477555465
4399,16.431996007475913,15.445689897259705,28.265596188452154,24.596184336405713
4400,0.0,45.965317387880134,55.172696650804745,21.88135112628513
4401,6.927276453366921,20.039345009360762,0,20.178609516272868
4402,0.0,11.817902381582362,45.9124952534675,30.566261877413083
4403,48.93368087511095,33.01423702461402,0.0,20.389751819477226
4404,0.0,11.84218918525888,62.73027305306687,26.583346310299486
4405,40.19798866569001,19.984191745109158,0,19.016942801793192
4406,13.221701336830883,10.848765723923917,0,11.367052780932884
4407,0.0,11.996553595003654,0,28.01821556692287
4408,0.0,10.9838504496941,35.80324485370162,20.73342781300874
4409,23.966498787165218,39.804267989681506,0.0,24.11608156653559
4410,0.0,8.044514096246125,0.0,23.911074064617043
4411,0.0,8.725685544612448,36.57419344401962,22.211024119973768
4412,0.0,29.35468249343794,0,27.364056107606533
4413,0,13.970899314303393,0,15.505844789241536
4414,0.0,12.513314433336356,43.0857775314956,25.9295005289662
4415,16.900288908223967,15.922397527654766,0.0,26.347840422514935
4416,36.797766422747735,33.82832709167974,59.73227850277114,12.018097840981861
4417,0.0,20.026060419562565,21.721570684277918,27.40626907626146
4418,0.0,9.532619871327107,65.49510150654112,32.648510707547864
4419,0,0,23.915610237575844,14.232813621654522
4420,0,37.04701952809588,39.3763438102882,30.93321234883713
4421,0.0,0,0,29.16270951095892
4422,2.4877707299809773,27.074737107350842,34.20590863307365,13.649166407291947
4423,0.0,21.7620892489291,26.232749109957258,21.086390931195293
4424,19.27044139795578,40.52422566275765,23.471999402766887,24.299436413171275
4425,32.862882372887235,34.77008109260896,27.492991532272846,32.576775151814715
4426,0.0,6.433550648187323,23.837712161601278,14.72085724523687
4427,0.0,17.46319918050194,41.42875555915934,21.44105539504177
4428,0.0,13.140597225346983,0.0,32.59819833487652
4429,0,25.766535861272,36.24444871183318,31.72888032475564
4430,0.9100833487735549,13.913666992665107,47.89158808829235,25.57680122458059
4431,27.84421157080871,26.31857029038018,23.49075560195149,31.53780983633328
4432,7.344446076469952,0,0.0,21.88176490065831
4433,0.0,40.58147414283472,58.618070977233565,34.22963546954391
4434,20.817717986586505,8.188839689463066,0,30.931394899739395
4435,0.0,8.185466839855108,0.0,61.1999274449243
4436,0.0,18.36263577739601,31.45520947889959,18.57656664783186
4437,15.556804294287872,23.29259869916484,45.272290142304215,29.03617375881371
4438,23.06412705373598,14.242790213275358,32.193813828160636,32.47722399321915
4439,0.0,0,24.18689001474977,30.08377507758859
4440,17.55413477519974,8.878585508579633,50.127208171635914,31.606496186342596
4441,47.70613908586226,43.16693039581245,29.802409079960295,26.1746088697264
4442,0.0,37.83892779307985,25.089127794343906,20.46832970593801
4443,0.0,12.958004583910373,25.38680460521692,22.812879716042957
4444,14.377844572179226,35.14584829922623,27.273779447812693,31.044293963570134
4445,0.0,24.334772381617825,1.3278473970599936,27.75225469627311
4446,30.340572875354688,50.19691415781936,22.530703403472206,23.029997227510172
4447,0.0,14.368045943287692,0,24.904073965595742
4448,14.135616868007082,8.544231879038552,23.750855776418316,14.062911203964406
4449,28.061503793853298,13.447936290951635,28.722950432919276,32.854463555032794
4450,0.0,0,0.0,22.342749314966042
4451,0.0,17.557831213371827,34.471637634699235,20.456440103260253
4452,31.788311794339,18.12817112706116,0.0,20.107215949429534
4453,34.76948398201452,4.338711133910307,0.0,32.387136376153535
4454,33.106972471938725,8.61327598140654,69.35246431255212,40.24840075751053
4455,12.570217000343751,54.218200700352284,32.816419178477176,15.077969587564215
4456,17.250029280036895,0,0.0,27.145058093936655
4457,0.0,8.130229845423713,0.0,26.82478785192535
4458,0.0,15.216911896067764,49.087168592224884,19.016584015606295
4459,24.047095254029756,21.136940823548663,51.42263285322803,13.560907093773574
4460,0.0,7.179007869221736,0,23.963979368289113
4461,33.26708446764435,0,0.0,32.21568391424551
4462,0.0,16.385825667482962,0.0,29.97284948396994
4463,17.24134479216836,22.23634488908975,27.292526934875763,20.520787813845228
4464,0.0,16.93681401676475,29.89391358882403,24.30514564195564
4465,0.0,7.83970873164815,0.0,26.1612255356868
4466,0.0,6.568171329508077,41.610063272474385,19.499648187387116
4467,0.0,23.052861504631846,45.575254968369634,14.806968243609854
4468,36.59172471661012,10.181156666646283,0.0,29.323723229151017
4469,0.0,10.85041053695646,44.586845260193094,9.564539837937575
4470,0.0,36.732692908286516,0.0,15.604513064876041
4471,16.476045295101205,17.88251537898599,46.50265741197169,15.353221925488327
4472,0,21.088127622376234,52.86959220934946,29.83309396672707
4473,26.437981249002235,34.22599428424327,31.007421598888726,27.715735227773603
4474,44.28179909101894,20.11564219786443,32.38119062330108,19.132676680498953
4475,23.486703800080342,0,60.94160557162234,14.787440618701822
4476,0.0,20.636225892610376,38.85752236652544,25.995567200665022
4477,22.09705157625341,40.148259534901726,13.191988312407803,23.618338567457503
4478,6.504871211515516,49.229012769709804,28.467972132026414,11.177441559687345
4479,0.0,12.727435612326888,0,28.947670119063893
4480,34.98853939366343,38.063635507617285,27.62514826849305,20.489616247514846
4481,34.99974948096849,14.006656961915127,0.0,13.575561422838357
4482,0,27.162245041928657,53.05686139614871,17.293438613167325
4483,0.0,7.081970120076742,0.0,27.119438817821884
4484,0.0,14.06011550575247,28.185419898231697,15.699399164851176
4485,31.891949221859736,7.530592477507454,44.365948745598274,12.210134918034942
4486,0.0,15.483669563129174,35.43877969359873,16.706261182345877
4487,0,31.518024384480047,29.16823407937227,23.182611970469427
4488,0.0,0,0.0,21.19569519458667
4489,0.0,27.69551157201388,33.16806702673698,11.364282909891914
4490,0.0,45.581144298674786,58.6259905555079,25.9119858317484
4491,0.0,0,0,20.630496731048034
4492,0.0,14.20078119823907,28.12537211425107,20.57545766435013
4493,25.675084752864432,37.915893240320784,32.66785228630864,21.55629701769343
4494,24.7484960243126,0,74.43579504188097,24.596973337077007
4495,22.94469039484708,11.7204597158725,0,26.287580987576117
4496,0,9.55394962994004,42.750973642986445,27.202710781675684
4497,30.39162573856542,13.713486781891074,27.480211076462787,8.85604900678285
4498,39.86467881750065,19.01995110142826,29.897934773203666,25.322359595248113
4499,0,18.43673706269015,26.703024498792107,23.687785450135365
4500,0.0,15.364932384921447,24.25298936812226,20.46155895834449
4501,0.0,0,28.595655360619254,30.13620580639573
4502,0.0,22.878641727726436,46.61580684336627,24.946143794848513
4503,25.644358538966138,9.080763616474634,35.37769472327101,21.107450267274288
4504,29.92983783699256,0,0.0,29.273839758319184
4505,0.0,14.14757896092185,0,19.01815851687299
4506,0.0,19.822862346738862,33.31586744902961,17.724232588392713
4507,0.0,39.61659859405781,23.598184477762185,28.13578195848591
4508,17.654659095723915,14.6099940166985,21.833513680871107,30.145784978310637
4509,36.61777862340827,14.742357560399334,0.0,24.527354952488306
4510,10.947095416697476,12.237780284785698,0.0,12.847190833399264
4511,0.0,34.06394700705372,0.0,35.89297600714666
4512,34.34936347749551,10.27065594303735,30.970505362086943,25.02376870468029
4513,0.0,36.84751287488451,39.35486969911462,19.657211584867714
4514,0,9.711729975262175,0.0,23.59444506205385
4515,40.8895695029228,44.011673237479776,18.83093652522712,28.893513651065156
4516,0.0,7.538491516357982,0.0,16.633237849222354
4517,19.987948616279038,19.320836638878,0,18.738168745851514
4518,0,17.185933871414797,0.0,18.047435859694883
4519,12.725459420410404,16.830126859300428,45.8000152125492,18.267865216828827
4520,0.0,24.536820330023346,48.483779815375804,16.806057624294926
4521,10.86743804553141,40.73507813231862,40.11738985120889,26.24085596100167
4522,0.0,0,47.56283497677628,13.51158068817819
4523,0.0,46.45018938986574,0,29.32341478233971
4524,26.657367376545505,33.953060658239686,0,21.307423188581406
4525,0,9.926450606662453,29.83927760703726,25.54171929138675
4526,38.58993627044636,11.18908058852348,23.68544826585814,10.488274668479178
4527,0.0,22.327591848361173,29.039157435677428,18.210100531402922
4528,0.0,5.724513571679885,34.178121078074476,34.49317688492402
4529,0.0,40.9021552996103,43.492627296495385,25.61087071259176
4530,18.100020014185404,13.365037247533616,35.719809426913685,28.1741673011262
4531,43.28390438174073,25.852217371786626,0.0,20.66060805113265
4532,0,30.30337145062914,0.0,16.722096533739595
4533,3.9822605443958654,21.96544563515438,47.475640052811364,25.145627792072933
4534,16.87957435180051,24.45214513614795,36.774368787297874,26.737763005740373
4535,0.0,11.422039430088624,0,19.988439872867037
4536,34.69953331453948,0,40.181066254255775,24.540882684461785
4537,32.32680267709107,8.872377106980055,0.0,36.28054586854288
4538,18.31785639054081,47.89810725345418,34.64171819832421,19.903842561643263
4539,34.97170555133869,15.241934727832238,0,44.59576428215997
4540,0.0,16.63374003645127,26.201872605467692,17.408413678859308
4541,0.0,17.46889594176489,31.76787341976842,27.054831882434247
4542,21.506047685651392,34.82200412211568,47.33452780877443,17.534526749891064
4543,14.899160195078753,14.664762427384511,32.45329060925407,22.105146611296867
4544,0.0,8.049631993738293,51.126063136907064,19.481209703915926
4545,0,15.581292160137016,43.21687295851327,21.33145635744768
4546,0.0,43.24678944190206,0.0,33.41842483106814
4547,0.2855872389410703,26.877486115976595,15.412076042720777,16.44919583185837
4548,27.697059671531203,21.019382233228015,0.0,41.398376975609644
4549,18.267072917125024,11.301173672992599,35.98671542159412,9.292901715175836
4550,0.0,28.46733851700168,40.48813867380796,20.83541200284165
4551,0,0,29.351304269452516,20.89787157876446
4552,28.687992006542416,37.73562155851747,0.0,14.168191307659574
4553,0.0,10.453945229675902,0.0,39.42403916718584
4554,0.0,10.343614592289809,0.0,26.638981161183132
4555,0.0,8.85682849698733,35.671449458691505,29.46027296093009
4556,31.644497362339642,9.917149492810891,25.17019309052745,28.827501630467488
4557,14.65102134398794,0,0.0,19.194456529416453
4558,25.84948858932797,23.439247166137882,40.86460044370688,20.334506851311737
4559,0.0,22.582530934528602,31.682915532246422,24.880876715535067
4560,0,17.290192884450693,28.020193148535977,22.229376067388273
4561,18.984010523726344,0,0.0,5.643568617362083
4562,0,40.23015497499571,0,23.266033781286314
4563,0.0,45.84958164236869,17.603431034909274,23.15407256894966
4564,30.826980121701798,9.47648035958702,0.0,13.234457432756841
4565,38.63037005668184,12.835059361357413,44.251224788109795,19.496683308549436
4566,25.06296290389138,6.515609997465769,0,20.159182727435542
4567,24.427213472090724,22.68261541723642,35.174066657141864,15.858260987180332
4568,0.0,7.17266462072135,56.450376381140686,11.974245628680555
4569,0.0,36.29180474940335,25.19049597868586,30.274286781716835
4570,16.733102223581316,11.201910094018347,0,14.172920446597916
4571,36.60140702787985,36.87240293518179,36.84477671338757,23.412679222145883
4572,15.150514228769735,19.009515041980656,28.17265300781572,14.191590803181944
4573,0,26.653603269035795,31.216266017523186,32.765572804506725
4574,24.39257165548625,0,56.87544543727567,34.22569497134808
4575,0.0,9.087908731757057,0.0,23.293658439642
4576,0.0,12.762819040584944,29.19664697951601,20.300606280129273
4577,36.378359546817734,29.470756707951903,29.08467123297439,26.871143383237854
4578,0.0,11.727101233493922,0.0,29.66118217950794
4579,28.003679897880684,17.326620897870107,0.0,16.372373221117478
4580,0.0,16.33856256177766,75.26493315974271,28.453100991977173
4581,12.205037534350744,38.7654629873787,56.01970074352855,23.542432099754294
4582,0.0,11.55505007072571,0,24.901283183088864
4583,0.0,10.624087145479558,0,29.13161594683105
4584,19.69432314946179,8.934512012676915,37.34136979024108,23.92026090692439
4585,37.98886945065793,9.810098183296654,22.133493770439962,24.231446800120573
4586,0.0,47.34877514688005,0,35.52541747188326
4587,3.2690882215427353,17.18292171946905,36.703052975246905,27.15681230842327
4588,24.02548994805612,15.438256986177155,33.72935828069811,40.0505063963349
4589,0.0,39.16507673483387,0,35.52830076703209
4590,0.0,36.92418490802772,43.5978648197871,21.386534483116804
4591,0.0,8.464390770513129,27.883712482680394,29.467642521925267
4592,29.271168214066563,12.125767589550135,65.86584982458128,16.734671522963232
4593,0.0,11.842246313294526,0.0,16.018959157552043
4594,36.633671499407534,18.214306748400034,0.0,23.693861670438732
4595,0.0,26.130248067087965,54.503243527995025,35.63952468025405
4596,9.022402060987297,10.520010420801164,0,25.731107867320077
4597,27.825312496976263,13.08121380907839,0,12.216470359687184
4598,41.26105650373958,9.860052765593133,50.39502940350282,22.084668440490347
4599,16.782314947972086,8.11216963911117,34.78407688265135,13.455899272228958
4600,0.0,18.537505473812413,0.0,19.738389254507158
4601,0.0,40.715538068013274,26.076323237796974,16.14660865907208
4602,0.0,23.73164582540647,37.4070798794914,27.47098187418435
4603,22.516163962989452,19.07241289388055,33.541011255040694,27.06086690536179
4604,0,26.353495485888892,44.30969655243373,32.863754675037846
4605,0.0,8.686332313517369,23.923792687335244,20.84184139471814
4606,1.4269737231746071,0,65.07457529970912,27.316161723736723
4607,23.85920800947156,6.3099435585702865,0.0,27.640105549337868
4608,0.0,14.838807910925414,0.0,24.037112555069566
4609,0.0,30.406364369297087,0.0,3.0714444694559226
4610,0.0,16.548886390276103,0.0,40.5891906498399
4611,0.0,33.06953947567801,0.0,17.99541078348813
4612,0.0,7.23928887238103,0.0,25.35812219120892
4613,0,18.386335097052694,50.1914403529917,13.273454011581983
4614,5.404756653278618,16.050818553789647,0.0,21.63237162139442
4615,0.0,15.738680576819634,0.0,13.231344678991212
4616,0.0,18.116606793745383,32.05096029835157,14.328487198857403
4617,4.194025562686594,17.190432244992323,50.98861956309964,20.486736460257347
4618,0.0,17.049504297780757,9.50228819076807,12.729450853475939
4619,0.0,16.844810671155006,39.70698062741728,37.75080353347556
4620,44.25363797569582,33.78106434181979,27.482520501222997,26.313601903030154
4621,0.0,40.99326307589002,72.22054010648955,17.48359350449186
4622,0.0,13.231703813185298,38.15370901811193,18.59295001250405
4623,43.635483255320224,38.38861350148955,49.21571550977125,21.131854546798557
4624,0.0,23.474660373816853,58.303620532231974,14.122104141083582
4625,23.193210576631905,0,26.68103605129277,16.755893956973132
4626,0.0,0,28.653974008546843,13.29636944875628
4627,25.927296948371314,21.05996870374658,52.532887030406336,19.908533722651743
4628,24.90423094907175,12.562318252344411,29.292438646169735,9.930376207437451
4629,22.76979633450621,14.075779885613109,38.08782454133912,20.420438421999425
4630,0.0,23.19355282800596,48.5095120099594,28.088770294989274
4631,0.0,19.254373482987848,44.91067510984762,24.730099854135524
4632,0.0,11.69884049265006,57.259030427164035,15.177127369598646
4633,6.239587978958056,9.514054399070988,35.09275906238657,26.594028613929396
4634,31.80885789973948,36.30434923991451,70.18544673113898,37.76339169933234
4635,10.089689687879122,30.814843209415827,36.40605067871478,27.63407419257991
4636,0.0,16.663006480238245,27.10602454639811,18.159242112678825
4637,0,20.558696009006344,46.38458171420323,22.51909347836433
4638,34.81881795810224,12.970925537477536,29.946937539346457,33.749911639408005
4639,0,11.859593809604595,0,27.99041346390581
4640,0,6.626519746690132,46.671654044452026,29.837927896391594
4641,0.0,6.866843087684125,0.0,45.423593528028725
4642,0.0,28.554275565672402,47.20919678856768,14.772123659458245
4643,39.844617351414406,15.380408071482979,25.721976122543506,18.989611703417403
4644,0.0,27.57751280307675,40.979212441828366,15.5790904661844
4645,0.0,0,36.058914575245645,27.103449202143075
4646,14.931107679098005,6.934902371261714,30.77093573418671,22.645293840851863
4647,0.0,19.212568303626576,33.635080422311994,20.53405239775919
4648,8.980158615583584,22.08626461732571,49.063421260437,30.979733920499132
4649,0.0,16.105123823492047,25.69913470605672,11.436977703419405
4650,0.0,28.11632332041647,30.166742829603955,16.758518624022145
4651,0,17.690029460323505,32.97401025540624,30.3416840789483
4652,0.0,17.605255998431304,0,16.399567861558257
4653,0.0,10.217201680029321,0.0,33.25161062282261
4654,0.0,18.06791621653973,28.904971970603906,16.849404798204493
4655,0.0,8.7675009157029,0.0,19.779251857361718
4656,11.704197312674562,27.299744030843048,37.85020979352205,24.302588125617262
4657,0.0,13.28975155777953,40.95882679981614,21.211535717087894
4658,0.0,32.38906824862815,31.5211202608062,37.81543152101335
4659,19.023362594045185,24.880017165030807,26.103250734517445,33.754661242838154
4660,21.15356140331988,28.392465309039437,0,30.784463944180764
4661,0.0,23.762839680888508,36.85739069709522,16.167088961044577
4662,0.0,9.461161564161548,54.10295066083641,28.619067490428858
4663,9.112979665604092,10.757023229337312,0.0,21.983022582943352
4664,0,21.705385501252508,0.0,16.612615127727317
4665,29.65109105303355,19.748992635798682,30.25613649424864,20.023611202020668
4666,12.153383028137018,11.482232654645752,26.8931068277263,27.653265953579158
4667,0.0,30.043743461384203,32.056905600385555,27.491307842617015
4668,19.941007936053275,24.474462740875133,34.15533034792588,12.458431018057087
4669,32.0407706135881,38.90114763186989,60.459199028299714,26.75633617504358
4670,19.942656042516294,0,48.92266162230108,19.821786040545522
4671,16.256489106203144,11.786215368883912,33.97433242168651,22.023436345882175
4672,0,28.528368579352428,0.0,37.4848326489871
4673,0.0,9.246085459734262,42.331519624660366,20.547428175592835
4674,28.612821699238214,0,40.617648032431646,38.6739696653869
4675,29.358310903822023,8.684168627504247,24.350958950066282,29.737683120653482
4676,0.4177251073917795,19.885984954767583,62.64682521849482,26.990518646367278
4677,41.29780045212698,45.81698112762965,40.25185071086147,25.724356527504376
4678,24.394150403395308,25.974611303021113,0,24.880234739669792
4679,23.796311390532342,43.86559170729513,33.823931709729806,9.086978293751862
4680,19.634856695954973,9.891411403539838,0.0,22.836379915480208
4681,0.0,0,53.970981284125145,40.41700965853085
4682,0.0,11.252480179945701,0,19.134697333907503
4683,19.669818149266746,23.22183599429032,38.3489171199097,23.482764883651207
4684,32.32284784970041,10.938390137122285,0.0,28.16837998187197
4685,28.362149664757457,0,48.70996586745898,2.868099137612598
4686,2.9734743705111506,10.512268617388408,41.56804312757723,24.715731544129312
4687,19.063196797182282,32.90232364550435,0.0,34.98137524917106
4688,0.0,15.364488659276985,0.0,24.15282984797686
4689,0.0,0,61.73447876370404,11.798752470949399
4690,0.0,36.087694966441525,45.4216990845357,35.78365659425244
4691,0,28.78545813037441,50.3112915847711,16.124713364464128
4692,0.0,11.208445970033948,0.0,13.366949246697367
4693,37.6400497298609,32.21024474148628,19.610959496065302,33.458677024509925
4694,0.0,0,33.1551587389332,18.0910519052401
4695,0.0,29.840971903713363,44.09998537828513,15.223670753853273
4696,0.0,29.91393700900261,55.407304970963644,31.568971873085875
4697,15.51360911799018,49.76770769330798,0.0,10.893590993116982
4698,26.11836428926452,25.804323440540898,23.07143065005641,12.588926767511206
4699,0.0,0.0,39.58804390947241,32.63106559477639
4700,48.338948046793824,0,25.26351291501426,17.630880781053285
4701,0.0,16.193246928203564,38.147324256200235,30.59196723636427
4702,46.25722326441059,12.476090894868303,36.32755027002972,12.901025875984411
4703,31.540411142947953,0,26.31480448343226,22.9098131756786
4704,14.795465542711232,13.839945112639407,0,29.157483918002296
4705,40.68039841018633,0,47.509013645249986,27.080462263264327
4706,0,23.32401298885234,15.712965021308412,23.502665773681272
4707,0.0,20.2237577834572,39.18366267812605,24.786568865554294
4708,0,30.754216079372206,0,22.661109339117218
4709,0.0,28.341385416739666,34.46453885224382,24.547289357118377
4710,0.0,11.648502367069716,31.882280461686296,13.792295612534966
4711,0.0,30.40237463386872,0,21.509822514101415
4712,0.0,19.904234827456964,44.27762153004855,16.248845915605866
4713,0.0,12.428861376638078,0.0,33.19999777122181
4714,17.97875606225605,30.322924881910563,27.07275638132847,22.60467194990859
4715,33.55498587558767,6.0019127599030275,0,32.4111081178822
4716,0.0,24.70210540109308,48.304576322934054,25.125837306519315
4717,28.59826947210061,12.502785632073177,37.86002852430676,25.116746796253878
4718,34.48323018276099,9.693607158807797,27.02689696459344,15.102972570643317
4719,0.0,16.32004381306875,36.16244563227294,26.365859410268268
4720,0,41.96070549318705,28.485171028476564,24.488478371478426
4721,0.0,17.381151215866694,0,24.75422804538877
4722,43.36098013778172,28.55522432402471,44.301812320307555,18.061286662714966
4723,0.0,21.429429491938663,0,18.237677273297976
4724,2.094772310760719,10.895751379462235,0,28.430418277487775
4725,0.0,8.59056165876617,39.326877783770776,24.111668457380027
4726,23.87277408385641,9.786500106919204,30.03036834976011,15.802234977947194
4727,36.06802936945065,0,33.14428423312738,30.67208494695398
4728,0.0,0,30.96767161374768,19.138260073510178
4729,0.0,8.856879158161355,0.0,27.287668979285137
4730,0.0,13.45231341980761,30.987803855183436,15.007640983752745
4731,46.19817966654766,31.83504412947538,38.75906094899643,17.675200073559303
4732,0.0,45.40638155869435,49.21482912047423,31.30508647141005
4733,18.13652942958996,17.844892595851267,0.0,19.750870886761373
4734,25.172324832290382,24.467380106289802,37.138877838052316,24.5424256258622
4735,0.0,19.63734304297912,36.27899764823998,22.30936163390651
4736,0.0,27.356178710403935,0.0,12.98458815281377
4737,39.52048362122406,16.170248101106004,43.699220552410296,15.430289050022164
4738,29.070330058298318,0,36.165166609143576,19.900977744079714
4739,0.0,55.92244005949138,0,21.5688427305242
4740,45.078995288505965,25.988353842140498,51.80120416850581,17.318468258173013
4741,0,15.275155049090415,19.418580772865344,27.190290498815827
4742,21.211642386108792,16.116508812228847,0.0,25.74412173003378
4743,0.0,13.126383386548422,44.819495779838846,33.220983432538354
4744,0.0,39.499296746308374,41.18635433845148,20.10909989901677
4745,0.0,17.949365671702438,0.0,34.767838243027555
4746,0.0,18.09661754028473,37.56959006914387,33.93406844298999
4747,0.0,0,0.3388680909130861,18.92264477286871
4748,0.0,14.24008615277247,35.716375688736306,21.557484044723374
4749,25.55089969870474,9.298095993020276,35.2792098805549,23.34733756656674
4750,0.0,48.99263491709655,27.080745302796057,25.564196452880125
4751,0.0,49.76843267049712,30.088150677533047,22.62989064454871
4752,0.0,13.298485895163028,0,20.069675992619448
4753,17.494941406746634,0,0,23.34328091508892
4754,0.0,31.996949685826735,26.070774333085012,30.00136348190081
4755,12.567762464007908,20.445979990883725,0.0,6.547410897762124
4756,30.343130649745746,22.16610240749075,53.62973349650383,17.983484783015086
4757,0,10.505598339134353,42.70451412118493,20.560561115011417
4758,0.0,0,16.149928221582886,25.05153588885808
4759,0.0,17.997973983770144,47.92673209930239,29.53999010199551
4760,0.0,13.769088088331257,0.0,30.36895470683705
4761,0.0,10.331185285935211,0,19.8714424680649
4762,19.438055423076868,11.840517669398382,35.47033009412946,22.744355887633883
4763,0.0,19.44474483264487,58.98609879146935,21.292068267783414
4764,0,37.56435219971707,0.0,17.289513812181767
4765,4.769718051303344,19.459560710918684,59.943096197422875,15.774784641592134
4766,32.78028635176314,9.791471428410766,45.13648377320418,16.958574003550822
4767,14.118590758794255,27.105463449434573,36.85510019257289,19.449919578148613
4768,26.669660763438536,14.280989616854441,0.0,31.58374052298214
4769,46.49228588054352,26.231811016779943,58.812979646321686,28.60561450173703
4770,0,13.560708425930287,17.032241955826088,23.704154985393462
4771,0.0,8.113019220781073,44.63335271606626,27.739425493141805
4772,4.333553823226542,10.100508456158387,0,21.69647001026857
4773,0.0,21.888327406708584,51.37050286779982,25.47131866874475
4774,22.864457042841547,0.0,58.16992650169552,15.063611947090479
4775,0.0,20.937127416245527,62.74273550587914,23.084439006132406
4776,0.0,10.426544462098196,0.0,20.24706022048558
4777,10.941882074491907,10.301460962414406,17.375768602707982,29.14013993970949
4778,6.546653867189723,44.11730925757062,26.31332213541115,34.52472144054285
4779,0,9.16574809634211,0.0,19.678999592803258
4780,17.309591338223633,34.54256708637791,58.54515043323558,20.705598835986677
4781,0,7.5311878760955375,30.784790905177406,13.218058894827186
4782,0.0,9.676571503338536,35.31479246402729,25.837302427995734
4783,6.346061512440853,12.888069087228654,0,28.901335431294612
4784,54.77348146462598,23.13513124121213,25.04663610267384,26.905146829238458
4785,0.0,15.343351838330431,24.92198350295174,29.419762160266863
4786,5.066605174741204,40.68392334432763,23.49271840398098,23.230855107636337
4787,53.6354664042535,44.69797296723582,27.324584438587117,34.38756132293521
4788,16.158479976498946,0,39.67263019823732,26.081205739034147
4789,0.0,23.994935157181832,32.961995189705476,15.268500901444062
4790,0.0,28.02636806961249,21.88383274833949,25.705281210379177
4791,0,46.79077528758004,23.30893163901976,10.844401371671347
4792,0.0,34.772871388054526,0.0,27.499606030845793
4793,0.0,10.416347870187925,0.0,26.604272649704072
4794,0.0,26.965843781251383,32.393051112562304,16.394981707659696
4795,0.0,0,28.739201836120547,12.891448112513846
4796,44.86245890464819,0,0,30.65285846480886
4797,0,40.96304042218248,36.53851495610122,21.613682992631887
4798,0.0,13.24202896371968,21.666691578889477,40.32484535812225
4799,0.0,10.169613757616393,0,23.48909898116988
4800,0.0,29.218792224841962,32.48128970377719,22.728045302193838
4801,30.13210754419431,10.117217270959168,0.0,16.330217904991734
4802,0.0,16.921912835458045,54.24095019864209,11.416664583653223
4803,23.622659113808815,10.633671938212855,36.66896660633464,23.2524031877431
4804,0.0,13.693262554387097,33.303360571339866,27.41552545512668
4805,0.0,28.500554224239018,34.83446054659378,1.8254439205417055
4806,0.0,12.32290313851688,44.62428577626055,23.718710385731544
4807,0.0,16.673982329255455,29.77379580451266,17.466371625833272
4808,0.0,29.750262060895444,0.0,27.499858762319473
4809,18.850009293492615,12.104651183142234,44.79766402348298,15.579351137988274
4810,0.0,16.539500983354856,33.85090565354777,16.507176105525595
4811,39.5623656250359,7.234785891146639,0,24.51932968667677
4812,0.0,19.258145734204003,0.0,33.92654081619573
4813,0.0,38.0106314487708,21.605006474656523,21.548692856839775
4814,0.0,20.968767925009065,0.0,35.55741490417903
4815,0,0,0,13.624181685723368
4816,8.024268949953875,31.231844970110238,29.95233526765531,33.17276852484747
4817,9.237669312564147,9.808509583899491,54.232468152433086,7.37948844310683
4818,0.0,17.433481808353612,79.51959102153761,4.322148635709774
4819,27.228356713115964,0,0.0,18.468810772878815
4820,45.15388918785141,10.345909676887988,0,10.91403409107779
4821,0.0,6.848520050221243,0,19.228347806212014
4822,1.5344481461946624,18.099473567428813,47.20374360490422,36.223044029233115
4823,14.260938328511827,24.59836758054016,56.78397601868187,33.734671012595854
4824,11.707704712152774,9.55730338836555,27.774172888119384,28.524036604088177
4825,9.040369954481353,0,45.506803588400466,26.843376314867694
4826,28.32297458109573,14.934719067726098,0,17.016642947580735
4827,0.0,40.412624594216055,46.35976143063081,29.464690102020235
4828,32.698613370531724,10.565020193289246,0.0,28.647222290984384
4829,0.0,8.449363590182305,0,21.83147691585934
4830,10.727911680909298,16.509526121081493,31.221537359389874,32.598181872371626
4831,0.0,31.01950649641134,40.61407109521647,30.47879349105983
4832,0,18.95474786758974,0.0,30.282506475927356
4833,0,16.457033106385616,25.41069071810299,14.663620050799166
4834,8.08059202446355,24.122559863495834,0.0,27.944387318652822
4835,0.0,0,52.92508586928125,35.54889343344203
4836,19.625418341780563,9.793234376870297,41.46361817917125,15.925590981197793
4837,40.17536280617796,50.43392774583528,24.974923483943556,23.888488673753944
4838,28.229381075691634,14.93497194446981,61.39542254775395,34.553148155601114
4839,0.0,7.015129699393111,40.64846446461128,22.384134855813844
4840,32.119844744542974,20.532090955555216,26.86909134502064,15.10712910143859
4841,44.81776174245654,20.94253257948878,39.77572821528461,24.007178287164006
4842,12.19810214840339,33.63218636645152,29.696414578770188,26.31829860049812
4843,9.321412664921702,9.253030005934068,46.85282419638296,22.691632724171082
4844,17.916687919515557,12.046608517218438,49.178864496183714,33.41875371509382
4845,37.29258959666853,20.64325755840172,41.20986341211939,27.18284877473313
4846,22.669703207983805,31.674768737863882,0.0,24.639587330057104
4847,28.893798038975735,0.0,52.468584634589426,31.181513675072956
4848,0.0,17.316103683517515,19.669470069837278,33.12722378483781
4849,17.189232901845,15.099903255771837,45.67988395949676,26.291016452511347
4850,0.0,39.10848933040431,0,39.334029636658855
4851,0.0,25.658709628542034,27.35077990404645,24.885053621107737
4852,17.514106314240163,14.847278818805464,0.0,19.610971184740446
4853,0.0,12.515804874672902,0.0,22.271924130920326
4854,0.0,11.061516056681642,43.405462034903344,6.614682608460157
4855,23.725730403010328,12.2457889033919,35.65697402992796,16.718526151234013
4856,38.65302192234282,11.046976813590295,31.546211539817712,28.905244543094796
4857,0.0,11.837362734377491,0.0,11.066363451697574
4858,0.0,17.460535357033038,0.0,25.426211284199308
4859,0.0,7.1611114651219285,61.26202440005496,26.218961489762094
4860,0.0,46.903815895754285,0,23.67353391592857
4861,0.0,9.36939669202983,0.0,23.196228611437107
4862,43.202163972242644,18.632287025638735,44.18419759335729,25.58454718848577
4863,0.0,9.448545378341164,57.738576459903435,21.034350410422658
4864,0,33.55100946680356,36.125164322376904,28.558880010457543
4865,32.374960614826485,6.71695613650129,26.057354998375793,27.70530396540712
4866,63.12976411692422,42.71560643758178,29.346938614587913,15.780961151322913
4867,25.525037195410494,38.426884183056124,26.816104896158436,25.210989587663715
4868,2.399174912779337,10.990466903690693,31.050547728571885,30.112912638808254
4869,0.0,16.97202003121046,24.92648046994849,21.9400401678298
4870,0.0,13.219222575315557,0.0,17.690510813122497
4871,0.0,26.31115816307542,49.01297093572781,20.78384529695776
4872,25.849995268534578,30.732683959763964,30.5851924782023,25.238974942306484
4873,0.0,0,40.076571089745265,32.51712298628634
4874,0.0,17.514030070178347,36.826817448016136,20.562126335427816
4875,0.0,21.096659714627794,19.952462544740992,23.04763687718823
4876,13.91042900307779,19.40695261877462,0.0,28.28784560019853
4877,0.0,32.85490110846514,33.846792342528865,20.591262405868516
4878,55.9669123898373,0,35.693478096245116,21.929613454409665
4879,0.0,8.850750389291136,33.037891386471934,27.67596570319853
4880,14.446193177060245,9.79965730137029,50.35148613561421,39.06120847301629
4881,0.5574985179997098,31.708430157897777,31.483039492532086,20.96367852181709
4882,0,29.613421781073953,22.798051393445483,15.335334947704473
4883,0.0,25.134579073773406,0.0,24.241981356346166
4884,22.747692002189623,51.50406856153307,0.0,21.40887012490353
4885,0.0,31.420465721393377,0.0,19.756471659144506
4886,27.63164911118946,37.63964138413736,32.27395955597487,31.43009921298847
4887,30.53173510810842,34.000839604425416,56.6287560139346,14.357796673324131
4888,53.84649831143185,0,0.0,17.299919283915155
4889,0.0,17.674574534033216,0,17.887546053390835
4890,0,0,50.23855990314466,36.632109252358724
4891,1.6643746100589287,9.088655914411538,0.0,17.285607548919767
4892,0.0,10.136761340233308,28.08581070693835,14.57674540702412
4893,0.0,0,0.0,15.558196816614133
4894,0.0,7.41053841279272,21.15407883687582,19.01503696861292
4895,27.042726256485835,37.158766653546344,37.46576246939783,33.204203316478804
4896,39.40193966153446,11.414192903127379,40.57982007609256,29.092891378203728
4897,0.0,25.148883780819077,36.304320746718176,21.94719331406817
4898,0.0,6.694403579650293,22.468020177614967,19.744247263130198
4899,0.0,12.691716573494851,0.0,16.06188900244553
4900,0.0,18.02012105593224,45.022386201292505,24.55141456725521
4901,0.0,44.852002594552054,33.667819956305124,26.650921695917326
4902,26.74067832116053,31.15114076135602,0.0,18.825161825974938
4903,0.0,12.427724221226226,0.0,24.12847863183818
4904,0.0,0.0,0.0,21.275876211806523
4905,9.682484857033588,8.43067449067351,60.48635502850097,24.173151069672446
4906,0.0,11.837719746867686,0.0,26.30006800286168
4907,0,18.635391517951323,30.02159865045487,23.25264717493948
4908,42.20571002356994,24.345249053166054,0.0,26.941780159912348
4909,0.0,0,0.0,25.62498860725165
4910,26.616338938644738,15.106968058135514,56.97191357153685,14.036956892637551
4911,46.91018415473407,14.974745976411887,58.7591528004599,30.46474970172288
4912,0.0,22.85551169765843,0.0,29.409895275454335
4913,0.0,15.399459791647425,33.52875353671342,26.321972404669157
4914,4.634938277184166,38.936549848029934,0,25.76059149091667
4915,0.308047506377669,0.0,0.0,22.379273565439302
4916,6.034872098329367,14.868330419060056,35.76265239339346,16.15520398216136
4917,0.0,22.334480078668406,55.89522821491713,17.478784608299126
4918,0.0,7.046085961873338,26.415463970644705,28.826678508738585
4919,0,0,88.27295766837858,25.909559037325614
4920,0.0,14.972731341454637,28.025886586484265,34.269970233348864
4921,54.42139723482925,30.381602275465944,0,13.660244857905349
4922,18.650549177875483,8.699170797794029,20.758343098126716,25.637477871854706
4923,0.0,0,58.694651485898596,25.40520021983167
4924,20.56914340465858,18.100319901259596,41.26825888497652,25.316250286520596
4925,24.890928559868872,22.412200578476835,0,21.18641908791299
4926,23.49430593637518,32.476324008287556,41.53011866553313,23.671327807331956
4927,0.0,29.706480134700882,0,21.841800434182577
4928,0.0,10.85770013470914,38.70891395438537,24.738625564517065
4929,0,33.53893014542243,27.231214642117568,28.623677418884444
4930,22.267725371333785,13.593540934823029,27.557009206826038,18.606563171084535
4931,0.0,5.626276529331128,41.64294753235773,22.022653382788533
4932,0,25.464049360290186,52.06928532539878,14.999777313650679
4933,0.0,16.67665533100038,45.55231818382583,19.408497192216952
4934,0,40.55876133379798,35.927831171771594,14.689307348043272
4935,31.166614204415996,31.703337323640767,40.8633864170743,40.67553861591298
4936,0,0,26.244910798677374,18.767690714487962
4937,0.0,14.199301029065934,30.23860733268938,33.02953688344914
4938,0.0,0.0,26.988321853328564,12.193950763084436
4939,0.0,19.992623035296624,0.0,22.276667739229435
4940,0.0,36.783309121769356,44.67572645767483,22.03208028263351
4941,8.84381665181831,24.055186594751277,38.853900059554014,17.354078790893887
4942,0.0,13.393993451641325,33.05639189647925,21.637717929527668
4943,5.5046473182121005,22.266492506031494,50.34398311873815,18.76934903720664
4944,17.322979730473875,14.98471988415525,37.8656850940871,30.776951133632405
4945,13.236726755668009,7.292231295049758,34.28172956365008,25.497708643658715
4946,0.0,11.059207236952007,0.0,17.990577311624556
4947,0.0,22.201443843118632,0.0,27.053855976104522
4948,34.436923242723964,19.053832321301783,0.0,19.151567526529814
4949,0.0,0,0.0,17.162909562987778
4950,12.025073584177402,31.625552428319573,23.486538203912055,26.994804012221334
4951,0.0,54.176813680881004,0.0,28.368431724412176
4952,0,18.388958651006792,0,23.77296770015445
4953,0.0,12.070486908574702,0.0,27.504129161931832
4954,17.872008289157844,12.170975216793897,0,28.251528225509933
4955,40.06181268743649,40.03946404235756,25.2149934042634,33.715270580133634
4956,38.388209744020294,0,54.769153404496215,36.751124967646824
4957,0,29.498394509085443,38.01953628625697,24.12166115289442
4958,33.14564567442303,10.528067067998762,0.0,23.769370222861003
4959,0.0,13.770746845377358,0.0,14.9973476816545
4960,0.0,0.0,23.06955712918205,11.120141319425517
4961,0.0,23.01268710357936,30.45568095492505,32.91221095176347
4962,0,39.91890032363745,46.42871796402014,22.689968209288708
4963,0.0,12.317473374170437,22.488716560177455,29.551017396939685
4964,0.0,17.172727578878987,26.61516404822808,28.734458756524223
4965,35.242645099612844,9.13169137262249,33.788314657131636,26.510637675923217
4966,0,7.230670903106097,0.0,32.767908362936026
4967,0.0,10.34190611985621,40.40245588421409,25.6764623881033
4968,17.214302184582895,31.309046276300233,39.21426545591996,27.516738595245048
4969,0.0,13.303350174181961,0.0,16.75428076933077
4970,0.0,9.282226117087552,55.43402631415882,20.516275213354753
4971,0.0,19.45507939499422,43.08683617772195,21.54943476852442
4972,0.0,31.044073068168174,23.343809149450248,18.394513358224934
4973,0,13.130194431463481,31.329951808573348,25.68635598732925
4974,19.56241878512509,6.208667370491035,44.363791441589626,27.06660120385221
4975,14.745322758332293,42.9678151393253,24.347227415984793,29.111447554225517
4976,34.33851508035235,0,0,30.82663958426472
4977,0.0,25.618987693536745,41.96431794082173,12.257109628524153
4978,4.164488299626801,38.42968133429931,36.45945424048031,14.418295411123543
4979,0.0,28.566961532684463,34.94228150901304,34.549580624727845
4980,25.734040857849276,23.382643233059774,50.98732183509068,23.84731898688896
4981,0,0,28.2316360325095,26.0298289077721
4982,54.7299798250805,18.361628345296342,0,35.8463515200063
4983,0,45.990625757205045,34.584153799818445,25.754019819852534
4984,0.0,12.756160207398507,24.711683544891848,14.728855127318294
4985,43.610841395949876,8.134643596324905,18.369519236502832,18.87345496244324
4986,0.0,9.172118659661718,36.501806756604694,25.752542013980854
4987,1.4217055139333918,8.100489051353495,45.215815201630804,22.43962050226943
4988,11.698285943494627,12.934307424427443,0.0,29.172141103753766
4989,0.0,26.4021708288288,0.0,21.40457961411223
4990,0.0,14.80646823525528,55.19826372884476,25.845907325321704
4991,0,0,56.162859176817825,12.63883064425599
4992,0,25.29327288462634,47.71198346501185,33.02761928957372
4993,15.068850333547894,46.699055863214326,48.61571890963106,21.997211987124007
4994,0,12.250305011139812,0,27.172553395011317
4995,23.585581461167976,20.404715764061205,30.001921312638423,15.048063561271142
4996,19.030707302282654,37.35965454338398,18.85654514691876,23.88072360595387
4997,0.0,17.449170034101545,37.29347656555249,37.54768071186214
4998,0.0,14.661485782433278,45.822595899132374,16.728858489173152
4999,0,0,17.94790951080633,24.91666461348362
